 3.76 -7.409
3.85 -7.62168
3.94 -7.81337
4.04 -7.98557
4.13 -8.14016
4.23 -8.27866
4.32 -8.40223
4.41 -8.51221
4.51 -8.60965
4.60 -8.69555
4.70 -8.77446
4.79 -8.8362
4.88 -8.89272
4.98 -8.94063
5.07 -8.98129
5.16 -9.01456
5.26 -9.04133
5.35 -9.0622
5.45 -9.07736
5.54 -9.08733
5.63 -9.09262
5.73 -9.09356
5.82 -9.09021
5.92 -9.08341
6.01 -9.0728
6.10 -9.05923
6.20 -9.04248
6.29 -9.02322
6.39 -9.00134
6.48 -8.9772
6.57 -8.95068
6.67 -8.92224
6.76 -8.892
6.85 -8.86001
6.95 -8.82656
7.04 -8.79173
7.14 -8.75518
7.23 -8.71763
7.32 -8.67918
7.42 -8.63927
7.51 -8.59898
7.61 -8.55736
7.70 -8.51519
7.79 -8.47228
7.89 -8.42886
7.98 -8.38478
8.08 -8.34018
8.17 -8.29504
8.26 -8.24957
8.36 -8.20396
8.45 -8.15764
8.55 -8.11137
8.64 -8.06486
8.73 -8.01809
8.83 -7.97119
8.92 -7.92438
9.01 -7.87733
9.11 -7.83034
9.20 -7.78329
9.30 -7.73622
9.39 -7.68937