3.76 378.303
3.85 340.723
3.94 306.421
4.04 274.98
4.13 246.196
4.23 219.818
4.32 195.579
4.41 173.301
4.51 152.806
4.60 133.922
4.70 116.387
4.79 100.447
4.88 85.643
4.98 71.92
5.07 59.326
5.16 47.629
5.26 36.828
5.35 26.87
5.45 17.645
5.54 9.104
5.63 1.231
5.73 -6.043
5.82 -12.801
5.92 -18.994
6.01 -24.766
6.10 -30.054
6.20 -34.97
6.29 -39.464
6.39 -43.62
6.48 -47.437
6.57 -50.982
6.67 -54.233
6.76 -57.213
6.85 -59.955
6.95 -62.456
7.04 -64.733
7.14 -66.87
7.23 -68.794
7.32 -70.516
7.42 -72.136
7.51 -73.534
7.61 -74.857
7.70 -76.022
7.79 -77.069
7.89 -77.989
7.98 -78.812
8.08 -79.543
8.17 -80.192
8.26 -80.742
8.36 -81.19
8.45 -81.614
8.55 -81.927
8.64 -82.177
8.73 -82.378
8.83 -82.522
8.92 -82.586
9.01 -82.622
9.11 -82.599
9.20 -82.538
9.30 -82.44
9.39 -82.283