3.755 378.303
 3.85 340.723
3.945 306.421
4.04 274.98
4.13 246.196
4.225 219.818
4.32 195.579
4.415 173.301
4.505 152.806
  4.6 133.922
4.695 116.387
4.79 100.447
4.885 85.643
4.975 71.92
5.07 59.326
5.165 47.629
5.26 36.828
5.355 26.87
5.445 17.645
5.54 9.104
5.635 1.231
5.73 -6.043
5.82 -12.801
5.915 -18.994
6.01 -24.766
6.105 -30.054
6.2 -34.97
6.29 -39.464
6.385 -43.62
6.48 -47.437
6.575 -50.982
6.665 -54.233
6.76 -57.213
6.855 -59.955
6.95 -62.456
7.045 -64.733
7.135 -66.87
7.23 -68.794
7.325 -70.516
7.42 -72.136
7.51 -73.534
7.605 -74.857
7.7 -76.022
7.795 -77.069
7.89 -77.989
7.98 -78.812
8.075 -79.543
8.17 -80.192
8.265 -80.742
8.355 -81.19
8.45 -81.614
8.545 -81.927
8.64 -82.177
8.735 -82.378
8.825 -82.522
8.92 -82.586
9.015 -82.622
9.11 -82.599
9.205 -82.538
9.295 -82.44
9.39 -82.283