3.755 -7.409
 3.85 -7.62168
3.945 -7.81337
 4.04 -7.98557
 4.13 -8.14016
4.225 -8.27866
 4.32 -8.40223
4.415 -8.51221
4.505 -8.60965
  4.6 -8.69555
4.695 -8.77446
 4.79 -8.8362
4.885 -8.89272
4.975 -8.94063
 5.07 -8.98129
5.165 -9.01456
 5.26 -9.04133
5.355 -9.0622
5.445 -9.07736
 5.54 -9.08733
5.635 -9.09262
 5.73 -9.09356
 5.82 -9.09021
5.915 -9.08341
 6.01 -9.0728
6.105 -9.05923
  6.2 -9.04248
 6.29 -9.02322
6.385 -9.00134
 6.48 -8.9772
6.575 -8.95068
6.665 -8.92224
 6.76 -8.892
6.855 -8.86001
 6.95 -8.82656
7.045 -8.79173
7.135 -8.75518
 7.23 -8.71763
7.325 -8.67918
 7.42 -8.63927
 7.51 -8.59898
7.605 -8.55736
  7.7 -8.51519
7.795 -8.47228
 7.89 -8.42886
 7.98 -8.38478
8.075 -8.34018
 8.17 -8.29504
8.265 -8.24957
8.355 -8.20396
 8.45 -8.15764
8.545 -8.11137
 8.64 -8.06486
8.735 -8.01809
8.825 -7.97119
 8.92 -7.92438
9.015 -7.87733
 9.11 -7.83034
9.205 -7.78329
9.295 -7.73622
 9.39 -7.68937