0 64.8996 0.613813 445.520537
1 64.6654 -0.783420 449.920980
2 64.4174 1.000207 439.051177
3 64.1721 1.247102 443.165906
4 63.9349 2.088055 427.027369
5 63.7018 3.056963 414.357991
6 63.4612 2.865598 419.753687
7 63.2275 4.698409 419.417881
8 62.9927 6.778284 426.511773
9 62.7626 8.060262 417.516264
10 62.5385 11.341017 413.975950
11 62.3175 16.021115 456.927699
12 62.1047 22.477769 550.612391
13 61.8935 31.879104 754.369345
14 61.6964 48.999660 1043.441693
15 61.5114 64.832357 2178.288746
16 61.3514 78.560628 2681.181055
17 61.2126 90.092371 3127.165125
18 61.0762 96.831861 3150.867689
19 60.9464 99.093183 3694.574314
20 60.8179 103.277238 3883.201635
21 60.689 104.062106 4014.297960
22 60.5628 104.654296 4274.376927
23 60.4372 98.342018 4073.071134
24 60.3106 100.607882 4290.893825
25 60.1841 96.691619 4436.114599
26 60.0603 103.390644 4235.126957
27 59.9324 102.299121 4485.612080
28 59.8084 102.157778 4408.075158
29 59.6835 105.838096 4382.181807
30 59.5579 101.278782 4265.713888
31 59.4338 102.370844 4236.634736
32 59.3088 102.436200 4310.934189
33 59.1837 102.638522 4326.583321
34 59.0599 102.724541 4148.939989
35 58.9359 105.650536 4384.149755
36 58.8128 99.707587 4577.252986
37 58.6893 108.482029 4449.879161
38 58.5647 101.676865 4392.072319
39 58.4401 103.115995 4636.060425
40 58.3151 103.018806 4443.498383
41 58.1924 98.883112 4647.362097
42 58.067 104.870932 4894.303687
43 57.9432 101.353678 4545.445377
44 57.8185 102.248083 4848.254730
45 57.6931 99.827863 4799.710203
46 57.5695 102.273512 4658.541219
47 57.4436 104.033682 4816.795897
48 57.321 105.087747 4717.359050
49 57.1943 103.963329 4836.083224
50 57.0719 97.088268 4780.263965
51 56.9448 109.382325 4750.719228
52 56.8232 105.482241 4910.856690
53 56.6981 102.518348 4865.779830
54 56.574 99.459758 4774.992566
55 56.451 101.882146 4557.081661
56 56.3263 106.258856 4797.389605
57 56.201 104.327778 4523.752137
58 56.0786 107.176063 4601.724108
59 55.9539 103.629296 4645.998728
60 55.8312 106.832587 4655.450422
61 55.7076 107.497770 4752.765647
62 55.5845 106.207286 4521.696064
63 55.4593 101.372290 4608.253946
64 55.3353 104.824326 4808.499740
65 55.2119 108.753588 4544.894975
66 55.0878 101.951781 4766.690345
67 54.9641 101.495535 4617.359871
68 54.8399 103.480185 4812.520911
69 54.7157 109.758605 4975.405988
70 54.5908 102.715995 4945.309623
71 54.468 103.378175 4777.904745
72 54.3421 100.785937 4976.525078
73 54.2181 106.374960 4960.493042
74 54.0952 105.622085 4998.013410
75 53.969 102.627893 4784.703185
76 53.8476 105.732423 4873.821653
77 53.7215 106.630933 4717.200538
78 53.5991 107.468731 4685.594994
79 53.4748 103.877172 4541.637520
80 53.3505 108.308752 4864.683614
81 53.2269 100.196904 4658.889735
82 53.1028 100.583223 4837.310416
83 52.9789 107.255283 4663.333425
84 52.8553 108.545004 4718.457637
85 52.7319 98.910349 4704.994861
86 52.6075 99.807515 4877.668238
87 52.4828 99.551593 4641.823508
88 52.3593 98.298091 4892.934964
89 52.2346 100.879596 4782.967885
90 52.111 103.338098 4829.581449
91 51.9864 97.081646 4748.471246
92 51.8616 95.514034 4744.000801
93 51.7372 99.433161 4666.709551
94 51.6124 102.948577 4553.338316
95 51.4891 107.204376 4726.151803
96 51.3659 105.225222 4753.310097
97 51.2411 97.990287 4915.141450
98 51.117 101.587616 4892.317866
99 50.9927 102.551886 4911.176006
100 50.8709 108.721647 4949.429526
101 50.7467 106.995701 5068.713538
102 50.624 100.977934 4934.719946
103 50.499 103.302196 4898.825477
104 50.3746 103.505460 4839.937734
105 50.2498 104.907591 4668.349679
106 50.1258 106.980521 4900.557954
107 50.0029 105.047981 4853.886537
108 49.8786 100.072087 4659.125452
109 49.7541 99.317823 4684.365164
110 49.6312 102.635529 4976.760087
111 49.5061 103.026543 4705.992574
112 49.3835 106.038463 4845.538409
113 49.2593 98.041648 4933.527836
114 49.1361 109.059991 4896.723328
115 49.0107 107.422447 4728.748498
116 48.8882 99.735192 4693.181480
117 48.7625 98.605649 4925.440644
118 48.6393 103.216772 4760.333773
119 48.5153 100.232217 4704.043921
120 48.3919 97.106538 4704.223151
121 48.2674 100.350184 4731.549429
122 48.1419 101.995873 4891.910275
123 48.0187 106.781835 5053.511906
124 47.893 108.583742 4964.108980
125 47.7696 105.269953 4952.885532
126 47.6463 106.884409 4824.005461
127 47.5223 101.603971 4916.427286
128 47.3978 99.417118 4779.732980
129 47.2728 99.118914 4939.291719
130 47.1494 101.061486 4638.201442
131 47.0244 105.246803 4741.678440
132 46.9023 106.405541 5085.303199
133 46.7773 102.937525 4876.757700
134 46.6543 101.337489 4886.269827
135 46.5296 104.197132 4764.779234
136 46.4059 97.854678 4428.301744
137 46.2816 101.931585 4722.289698
138 46.1589 103.329243 4733.415354
139 46.0351 107.225902 4939.688106
140 45.9104 103.600249 4882.953800
141 45.7879 106.784314 4657.155880
142 45.6634 105.534144 4674.497790
143 45.5402 99.906236 4886.313858
144 45.4161 104.345130 4719.211459
145 45.2908 108.422893 4953.931052
146 45.169 108.364670 4585.754767
147 45.0443 103.308562 5141.194739
148 44.9218 100.383565 4888.034677
149 44.7993 103.100605 4812.378568
150 44.6744 103.347954 4874.885724
151 44.5498 102.080130 5118.164015
152 44.4257 108.980965 4777.582513
153 44.3017 100.447105 4838.176129
154 44.1787 100.176544 4847.652669
155 44.054 99.487237 4838.629297
156 43.9296 105.949098 4949.813810
157 43.8068 104.146346 4953.056917
158 43.6835 102.820260 4815.638409
159 43.5592 100.055535 4771.402417
160 43.4352 106.386535 4710.952972
161 43.3112 100.653057 4930.577638
162 43.1871 107.017513 4752.243917
163 43.0638 104.903521 5041.725214
164 42.9403 106.786436 5091.521305
165 42.818 103.263562 5020.366859
166 42.6943 103.324009 4815.861723
167 42.5706 106.166831 4943.414818
168 42.4487 102.926751 4795.686240
169 42.3245 105.562742 4830.982166
170 42.2003 104.902009 4755.691741
171 42.077 107.552325 4971.734648
172 41.9534 108.819581 4965.726188
173 41.8302 104.841184 5059.504368
174 41.7057 101.123081 4893.289975
175 41.5825 104.582876 4862.745664
176 41.4576 105.607160 4839.635705
177 41.3347 99.310627 4909.411136
178 41.2099 101.839276 4980.511260
179 41.0861 102.385490 4731.024754
180 40.9615 103.911926 4933.792110
181 40.8386 105.037573 4920.464411
182 40.7154 103.546519 4865.930920
183 40.5897 103.431517 4920.761205
184 40.4667 103.442811 4680.819262
185 40.3412 105.135002 4647.601043
186 40.2185 98.729786 4824.558774
187 40.0946 105.039896 4982.322026
188 39.9707 102.042103 4852.090198
189 39.846 102.257638 4970.813860
190 39.7224 106.272176 4763.615634
191 39.5988 108.081784 5159.458847
192 39.4752 108.047397 4728.308861
193 39.3523 109.103356 4935.148917
194 39.2284 106.764179 4848.061554
195 39.1056 106.767926 4786.430131
196 38.9813 106.320031 4761.588553
197 38.8585 105.004029 5021.551754
198 38.7344 109.111643 5014.303604
199 38.6108 102.113054 4566.546232
200 38.4862 101.121365 4917.864241
201 38.3635 103.191698 4934.447074
202 38.2399 111.193708 4658.174269
203 38.117 108.252400 4753.738386
204 37.9946 107.622923 4940.257939
205 37.8681 101.027866 4845.233566
206 37.7452 95.236456 4814.153394
207 37.6196 102.052106 4895.846943
208 37.4957 106.216974 4705.437687
209 37.3721 96.886828 4923.729999
210 37.2476 104.995170 4825.076040
211 37.1228 104.770849 5119.675054
212 36.9998 105.336580 4945.802560
213 36.8745 102.652810 4993.519049
214 36.7508 99.012826 4975.492776
215 36.6246 98.525679 5224.253136
216 36.5005 100.668044 4841.311020
217 36.3753 98.995259 5028.520805
218 36.2505 99.995170 4923.931859
219 36.1259 99.203650 4718.148403
220 36.0015 102.117535 5181.224063
221 35.8777 103.693059 4816.778807
222 35.7537 99.898396 4773.346956
223 35.6299 100.446293 4672.491949
224 35.5058 106.692062 4798.334672
225 35.3835 103.069212 4975.733254
226 35.2592 99.986322 4716.254830
227 35.1343 106.610118 5023.791409
228 35.0109 103.002167 4452.938674
229 34.8866 103.411576 4909.952589
230 34.762 106.338594 4885.038676
231 34.6382 104.170313 4796.347645
232 34.5134 105.124844 5111.330443
233 34.3893 100.995327 4772.159094
234 34.2655 104.158741 5051.285929
235 34.1417 98.482183 4773.459455
236 34.0167 98.223373 4910.519542
237 33.8925 104.380616 4941.435046
238 33.767 100.970943 4738.306957
239 33.6446 102.455819 4953.491458
240 33.5203 101.998874 4960.672695
241 33.3955 99.137444 5197.156235
242 33.2714 105.251404 4926.721440
243 33.1465 108.432008 5126.563266
244 33.022 99.283678 5023.136625
245 32.8971 102.872824 4799.765776
246 32.7726 100.800462 5079.682409
247 32.6481 97.931078 4977.833905
248 32.5215 101.290242 4949.376466
249 32.3965 107.819833 4928.246454
250 32.2736 100.751916 5187.960658
251 32.1489 105.203216 5139.700400
252 32.0252 109.199443 5127.078384
253 31.9001 112.462777 4900.687303
254 31.7773 108.776312 5089.661210
255 31.6522 108.112225 5320.502670
256 31.5269 104.850049 5268.220477
257 31.4022 100.708365 5086.396523
258 31.2756 102.577335 5175.021889
259 31.1515 101.681902 5287.391414
260 31.0246 99.516946 5405.658972
261 30.9 99.271946 5348.804355
262 30.7716 108.004618 5150.762427
263 30.646 99.970760 5088.273424
264 30.5217 108.596099 5402.623078
265 30.3932 106.495729 5200.258819
266 30.2663 96.211521 5526.507614
267 30.1435 142.013753 4853.812833
268 29.9933 66.075177 5365.067595
269 29.9108 265.274807 5325.751256