0 64.9153 0.573797 533.194845
1 64.6809 -1.190518 506.035178
2 64.4317 0.517339 491.141154
3 64.1853 0.778421 482.457955
4 63.9477 -0.299992 434.779029
5 63.7122 0.636973 434.828716
6 63.4662 0.196661 418.175592
7 63.2272 -0.157407 394.887271
8 62.9864 0.512135 380.321864
9 62.7463 0.064323 366.617213
10 62.5113 0.286377 344.753609
11 62.2723 0.739168 342.168146
12 62.035 -0.497080 348.843984
13 61.7962 -0.817893 348.954897
14 61.5582 0.346217 341.634585
15 61.3136 -0.880979 318.246982
16 61.0668 -0.598166 336.042974
17 60.824 0.174358 329.817742
18 60.5823 -0.208059 322.620353
19 60.3429 -0.362538 326.290820
20 60.1052 0.429809 307.975156
21 59.8617 -0.960704 299.271867
22 59.623 -0.672332 317.737918
23 59.3848 0.155496 299.180873
24 59.1507 0.256146 310.822149
25 58.9168 -0.159805 298.204812
26 58.6764 -0.105440 295.616798
27 58.4338 -0.337179 299.089614
28 58.2 -0.277155 305.220807
29 57.9597 -0.702797 300.752368
30 57.7155 0.425780 308.529872
31 57.4765 -0.147526 307.846939
32 57.2405 0.596843 306.905145
33 56.996 0.420030 300.586598
34 56.7546 -0.712382 311.672900
35 56.5147 0.294343 314.169178
36 56.275 -0.069248 296.631819
37 56.0395 0.377696 301.815218
38 55.8004 0.169710 303.178741
39 55.5633 -0.059646 307.395170
40 55.3244 -0.373971 305.048316
41 55.0861 0.500157 305.493715
42 54.8419 -0.221871 290.333513
43 54.5957 0.330210 297.504088
44 54.3532 0.049567 294.969275
45 54.1119 0.424555 303.169489
46 53.8719 -0.665622 292.014536
47 53.6339 -0.174690 291.048537
48 53.3907 -0.602750 300.674501
49 53.1515 -0.550523 285.032636
50 52.9135 0.476826 302.266408
51 52.6801 0.681662 305.090540
52 52.4471 0.307630 293.903359
53 52.2074 -0.019141 303.103770
54 51.9653 0.728233 297.020758
55 51.7323 0.012636 300.366454
56 51.493 -0.448845 299.675706
57 51.2491 0.142205 302.350085
58 51.0102 -0.091462 302.325263
59 50.7744 0.225447 299.632068
60 50.5297 -0.125673 312.164564
61 50.2902 -0.217079 305.908327
62 50.0498 0.173579 308.392102
63 49.8094 -0.402111 297.623343
64 49.574 0.424352 305.893854
65 49.3338 0.136199 303.506965
66 49.0956 -0.253924 306.511961
67 48.8575 -0.406948 300.386009
68 48.6194 -0.339622 289.507236
69 48.3747 -0.284522 300.297430
70 48.1282 0.119845 303.038433
71 47.8855 0.170989 307.590355
72 47.6437 0.291556 310.681808
73 47.4038 0.269530 307.473737
74 47.1664 -0.434922 302.480509
75 46.9231 -0.137244 290.370192
76 46.6842 -0.057144 294.098498
77 46.4466 0.817278 286.165484
78 46.2122 0.323964 306.387327
79 45.9786 0.108915 291.761118
80 45.7392 0.256089 291.852353
81 45.4966 -0.068036 308.321621
82 45.263 0.191862 293.995009
83 45.0232 -0.421375 300.725996
84 44.7782 -0.087489 311.921311
85 44.5397 -0.237180 290.216840
86 44.304 0.535937 300.826614
87 44.0582 0.229116 301.879601
88 43.8186 -0.172488 292.991818
89 43.5778 -0.112521 291.836516
90 43.3375 -0.624044 299.813469
91 43.1017 0.224482 307.139405
92 42.8627 0.045747 295.812016
93 42.6251 -0.274611 290.743831
94 42.3872 -0.263634 311.813663
95 42.1491 0.054834 304.721598
96 41.9051 0.429238 300.512594
97 41.659 0.549856 293.264475
98 41.4164 0.777409 309.501592
99 41.1757 1.027922 302.700544
100 40.9374 1.491391 301.241540
101 40.7021 5.128059 331.234638
102 40.4638 10.900969 410.584801
103 40.2365 25.559967 708.957941
104 40.0208 48.103376 1403.124538
105 39.8317 92.311455 3381.102770
106 39.6785 154.888568 6383.658719
107 39.5564 187.394820 6875.438761
108 39.4389 182.330131 7095.197028
109 39.3214 197.813777 7800.814570
110 39.2052 182.100356 7241.007809
111 39.0885 182.442270 7715.180972
112 38.9725 184.551811 7216.492268
113 38.8576 189.672710 7055.439543
114 38.7423 187.365257 7444.757617
115 38.6281 188.576637 7316.352092
116 38.5132 196.650501 7405.734817
117 38.4003 196.074720 7645.838822
118 38.286 204.326250 7660.293609
119 38.1712 181.979270 7468.292680
120 38.0568 185.503149 7596.567462
121 37.9408 180.332707 7410.390147
122 37.8267 194.434583 7362.457464
123 37.7119 188.949524 7206.957802
124 37.5978 200.593763 7786.463215
125 37.4838 186.928106 8019.388505
126 37.3667 184.690039 7682.047710
127 37.2519 187.019066 7832.360379
128 37.1368 194.167323 7832.690608
129 37.0226 188.608195 7843.412000
130 36.9054 184.664912 7339.184411
131 36.7904 185.231977 7646.028924
132 36.6751 179.052824 8035.316497
133 36.56 193.615529 7829.948955
134 36.4446 175.277772 7202.979892
135 36.3293 182.611032 7626.799040
136 36.2137 188.886320 7623.438511
137 36.0984 186.199672 7494.366884
138 35.9835 185.697508 7612.435546
139 35.8693 183.390389 7694.302325
140 35.7521 188.568604 7678.784210
141 35.6374 185.591207 7323.405588
142 35.5231 188.006018 7530.647567
143 35.4066 177.902356 7787.614589
144 35.2925 186.459389 7099.989002
145 35.1772 195.232342 7095.308738
146 35.0624 183.938091 7307.574609
147 34.9469 179.982810 7528.596855
148 34.8321 185.038770 7379.664380
149 34.7166 187.649654 8042.651522
150 34.6015 191.777530 7711.440487
151 34.4867 191.902722 7680.534717
152 34.3709 189.155872 7633.195253
153 34.2569 186.826736 7388.699474
154 34.14 191.216853 7469.272834
155 34.0259 184.428443 7383.890879
156 33.9093 191.096755 7320.129999
157 33.7947 187.581838 7509.646379
158 33.6794 187.338388 7704.197480
159 33.5662 185.792939 7635.720010
160 33.4514 190.864437 7602.743041
161 33.3358 183.441412 7383.188816
162 33.2203 172.083485 7333.802413
163 33.1037 181.338568 7473.017235
164 32.9883 188.825299 7228.683454
165 32.8741 185.927069 7627.230098
166 32.7588 183.337686 7455.496943
167 32.6435 190.198724 7436.055557
168 32.528 189.391032 7146.982175
169 32.4145 185.457334 7980.723332
170 32.2985 190.458097 7653.363780
171 32.1851 191.743335 7479.633474
172 32.0698 184.944827 7391.472623
173 31.9551 184.979859 7578.796120
174 31.8397 193.948149 8154.757143
175 31.7248 180.062482 7304.086195
176 31.6081 187.347567 7365.544578
177 31.4937 190.912651 7248.093842
178 31.3776 184.074423 7735.002336
179 31.2633 193.989265 7594.518601
180 31.1478 190.509922 7815.982340
181 31.0326 183.904351 7639.543192
182 30.9179 192.644173 7437.769687
183 30.8023 193.258121 7697.015342
184 30.6886 196.217649 7866.151407
185 30.573 186.626882 7391.670998
186 30.4597 193.055276 7699.012407
187 30.3441 187.318316 7393.870468
188 30.2301 183.956801 7349.004673
189 30.1134 182.987097 7685.293560
190 30 181.861334 7691.527358
191 29.8844 182.120684 7607.735666
192 29.7696 184.740370 7537.277446
193 29.6544 195.299770 7815.605766
194 29.5401 191.935983 7992.920428
195 29.4268 188.324345 7549.931911
196 29.3106 180.909976 7262.897070
197 29.1966 181.399551 7666.817314
198 29.0801 190.739264 7522.482572
199 28.9674 181.213442 7396.152661
200 28.8507 192.548519 7568.640370
201 28.7374 199.580555 7513.525013
202 28.6216 182.668630 7636.089241
203 28.5066 183.480488 7764.599176
204 28.3907 191.652837 7789.297144
205 28.2757 189.557620 7541.653326
206 28.1607 192.517219 7683.394841
207 28.0458 194.221165 7347.831687
208 27.9312 185.061615 7619.649092
209 27.8159 187.944671 7557.582114
210 27.7015 188.834340 7647.122149
211 27.5858 191.320235 7633.792612
212 27.4715 182.105549 7881.255276
213 27.3554 188.285418 7555.139775
214 27.2403 178.000277 7643.947210
215 27.1248 177.445660 7505.032242
216 27.0091 193.536119 7923.977110
217 26.894 184.068937 7649.433523
218 26.7787 188.265343 7502.904672
219 26.6632 181.911524 7454.798559
220 26.549 192.391181 7316.889373
221 26.4334 185.863900 7548.383745
222 26.3171 185.142500 7675.273349
223 26.2026 186.523054 7407.740991
224 26.0869 176.820465 7007.266205
225 25.9723 181.908547 7372.085831
226 25.8565 186.194517 7430.390928
227 25.742 193.619842 7376.701545
228 25.6263 184.400268 7667.384196
229 25.5124 184.901575 7366.430480
230 25.3965 189.255469 7505.462444
231 25.2824 183.768911 7387.669160
232 25.1679 192.560573 7719.413565
233 25.0534 184.552314 7624.075325
234 24.9378 189.658605 7563.932247
235 24.8222 184.660855 7682.460169
236 24.7069 192.564758 7588.144380
237 24.5916 199.255809 7642.349267
238 24.4785 190.014123 7621.487566
239 24.3622 189.233079 7861.761133
240 24.2482 192.247029 7778.357246
241 24.1316 185.297157 7676.509370
242 24.0178 187.294024 7553.494261
243 23.9014 183.439048 7665.136573
244 23.7864 189.111242 7623.775096
245 23.6715 194.775242 7834.370646
246 23.5572 184.550597 8042.470486
247 23.4416 191.048391 7751.064212
248 23.3259 187.749766 7729.773165
249 23.2111 187.861853 7773.824660
250 23.0942 179.886813 7933.212065
251 22.9797 177.196567 8134.073351
252 22.8615 181.470973 8023.892588
253 22.7462 187.160817 8131.192696
254 22.6304 190.751698 8083.767768
255 22.515 188.043501 7970.158746
256 22.3993 193.726719 8351.473170
257 22.2839 190.109571 8302.548417
258 22.1677 193.000693 8260.411076
259 22.0524 190.170573 8490.321841
260 21.9363 189.481705 8301.270946
261 21.8205 181.766226 8611.623907
262 21.7045 185.632833 8829.978927
263 21.5877 184.811369 8463.126980
264 21.4711 192.650056 8688.734054
265 21.3548 187.132620 8621.904731
266 21.2363 179.194915 8822.557526
267 21.1227 217.460212 8583.020070
268 20.9866 129.192954 9051.461798
269 20.9102 423.725138 8843.761816