0 64.8935 0.509145 458.914972
1 64.6587 -1.059104 437.481652
2 64.4104 0.316930 449.305131
3 64.1632 0.297933 424.587693
4 63.924 -0.004707 419.845732
5 63.6879 0.561978 402.180049
6 63.443 -0.149547 418.347168
7 63.2035 -0.505250 402.979878
8 62.9626 0.697278 402.322226
9 62.7228 -0.806369 398.764893
10 62.4877 -0.432149 368.984898
11 62.2482 0.211504 374.116699
12 62.0107 -0.364764 369.099039
13 61.7723 -0.485106 360.491739
14 61.5347 0.293172 345.965364
15 61.2903 -0.294971 357.337379
16 61.044 0.158515 339.273516
17 60.8019 0.440998 336.065295
18 60.561 0.442055 335.089715
19 60.3226 0.301010 339.247006
20 60.0857 1.083415 326.504223
21 59.8434 0.594810 318.226562
22 59.6056 0.650726 330.768165
23 59.3683 1.160800 330.004582
24 59.1356 1.476559 321.917345
25 58.9038 1.512669 305.586147
26 58.6643 0.842142 315.883625
27 58.4232 0.880217 317.279278
28 58.192 1.312900 292.212454
29 57.9552 1.717046 300.220567
30 57.7146 2.065479 312.698734
31 57.4797 1.937711 306.379328
32 57.2471 2.359114 304.937979
33 57.0063 2.604671 313.841088
34 56.7704 2.025921 289.079766
35 56.5333 3.820557 314.426564
36 56.2981 2.434840 308.452131
37 56.0664 4.314385 317.626669
38 55.8317 3.387654 290.414006
39 55.6002 4.244379 307.891238
40 55.3671 4.215475 297.481820
41 55.1343 5.092022 308.710914
42 54.8942 4.938067 294.287243
43 54.6528 5.461833 304.808993
44 54.4184 5.621361 310.365799
45 54.1839 5.688813 299.594028
46 53.9516 6.043599 299.459115
47 53.7211 6.329456 303.123864
48 53.4857 6.088924 302.882745
49 53.2552 7.021528 299.410015
50 53.0274 7.685041 306.836503
51 52.8028 7.299780 288.463889
52 52.5788 7.946035 309.726638
53 52.3479 8.624368 300.827356
54 52.1163 9.213262 296.542525
55 51.8972 8.676884 302.221935
56 51.6704 9.696147 301.198303
57 51.4471 9.684342 330.520819
58 51.2255 10.421410 307.861164
59 51.0076 10.769146 308.643121
60 50.7829 10.265942 309.985490
61 50.562 10.185020 302.157233
62 50.3374 10.615252 321.068016
63 50.115 10.909773 306.826443
64 49.8959 12.050632 310.766038
65 49.6767 11.915155 296.612788
66 49.4586 13.104649 307.331804
67 49.2363 12.218392 307.403773
68 49.0148 12.661168 312.640739
69 48.7859 13.061324 312.466713
70 48.5567 12.787391 319.868163
71 48.3374 14.394272 315.157692
72 48.1177 14.114001 311.346400
73 47.8988 13.298967 299.048300
74 47.6796 14.104934 308.904314
75 47.4553 13.978412 314.928178
76 47.238 14.580744 317.678597
77 47.0211 14.667168 312.182260
78 46.8081 14.595923 326.486344
79 46.5945 15.025892 316.047708
80 46.3746 15.647945 345.477231
81 46.1539 15.190912 328.216238
82 45.95 15.834025 342.010816
83 45.7361 15.691128 349.007900
84 45.5313 16.330423 336.231564
85 45.3275 18.152986 344.471585
86 45.124 16.700818 337.876060
87 44.9169 16.735999 344.272929
88 44.7115 17.465870 342.493609
89 44.5023 17.527533 352.048437
90 44.294 16.226073 353.552234
91 44.0881 18.145541 357.170152
92 43.8854 18.726515 361.236417
93 43.6817 18.002584 347.298255
94 43.4725 18.432328 363.648135
95 43.2648 20.995522 365.920268
96 43.0508 18.348931 366.398404
97 42.8382 19.157879 368.788800
98 42.6366 20.707197 386.557367
99 42.4375 21.125009 384.904022
100 42.2388 20.970876 402.194154
101 42.039 22.824396 419.355523
102 41.8352 22.956058 441.222818
103 41.6396 23.595043 440.696081
104 41.4453 23.743483 438.547221
105 41.2561 24.994254 473.872020
106 41.0661 25.186467 503.558159
107 40.8741 27.669674 506.177472
108 40.6849 24.498122 524.128173
109 40.5078 27.529048 581.285020
110 40.3279 28.552061 560.372218
111 40.1521 28.289304 638.505898
112 39.983 29.256028 670.303493
113 39.8126 28.144277 696.724295
114 39.6415 30.286146 751.618199
115 39.4738 33.295435 785.470043
116 39.3047 34.257141 850.832574
117 39.1375 33.351615 869.579698
118 38.9709 33.794829 846.838685
119 38.8107 34.453348 896.727015
120 38.6475 34.912426 984.434825
121 38.4869 37.394024 1044.709734
122 38.3288 35.078016 1092.526283
123 38.1714 38.090939 1109.808568
124 38.0127 35.781811 1187.063262
125 37.8598 35.877777 1197.126227
126 37.7051 37.551329 1239.376506
127 37.5501 32.956620 1291.834411
128 37.3992 38.587871 1393.810118
129 37.243 37.164210 1435.763556
130 37.0953 38.330025 1402.135761
131 36.9463 39.940359 1412.205437
132 36.802 38.257101 1465.877079
133 36.6503 36.945857 1457.692654
134 36.5052 37.131001 1573.650196
135 36.3562 38.888913 1431.699676
136 36.2121 38.384482 1542.957789
137 36.0657 38.126774 1533.634453
138 35.9206 39.478457 1581.138596
139 35.7787 40.102835 1587.351044
140 35.6322 40.292686 1664.146997
141 35.4944 39.552494 1703.661289
142 35.3537 39.525706 1654.088222
143 35.2128 38.419367 1684.994183
144 35.0696 40.215045 1806.983450
145 34.9277 39.960627 1825.773539
146 34.7873 37.232330 1859.128728
147 34.6485 41.054315 1895.600254
148 34.5057 38.504514 1837.804090
149 34.3638 36.192010 1838.805880
150 34.2195 39.682101 1939.815666
151 34.0812 36.993060 1972.766368
152 33.9408 41.852338 2015.905361
153 33.7992 41.480354 1961.486482
154 33.661 42.060433 1936.847089
155 33.5216 43.557298 1997.955993
156 33.3796 41.170428 2012.619355
157 33.2386 42.996741 2065.263706
158 33.1012 39.753271 1899.301439
159 32.9612 38.983478 2041.559920
160 32.8217 41.687447 2015.938138
161 32.6856 40.315534 2115.870959
162 32.5452 39.582513 2047.337247
163 32.4054 41.544253 2117.106679
164 32.2668 40.547158 2055.108509
165 32.1282 40.551545 1928.460992
166 31.99 40.659071 1998.162842
167 31.8521 44.637788 2053.535947
168 31.7154 42.053327 2024.331679
169 31.578 41.730774 2064.555859
170 31.4411 45.238002 2134.457281
171 31.3022 40.818682 2082.840063
172 31.1652 40.132694 2056.661826
173 31.0271 43.815153 2164.009074
174 30.8894 41.834003 2186.742870
175 30.7518 42.975031 2224.393925
176 30.6127 41.997697 2240.728734
177 30.4755 40.974300 2119.291173
178 30.3368 36.841256 2108.732921
179 30.1961 41.676869 2149.732687
180 30.0598 41.876928 1993.806998
181 29.9224 43.277014 2114.088030
182 29.7845 43.842820 2209.104836
183 29.6452 43.721685 2232.844344
184 29.5082 40.325039 2248.779061
185 29.3722 39.668613 2189.603668
186 29.2327 43.530277 2198.525937
187 29.0947 40.785703 2150.914648
188 28.9593 41.175371 2317.100417
189 28.8215 42.935797 2249.130847
190 28.6835 45.344475 2225.049923
191 28.5461 41.442989 2259.886610
192 28.4091 43.501508 2217.503903
193 28.2729 41.251961 2180.200583
194 28.1374 42.428390 2186.146243
195 28.0012 41.086685 2173.922826
196 27.865 44.310105 2313.910355
197 27.7281 39.114977 2257.954871
198 27.5907 41.782032 2253.970073
199 27.4529 42.029301 2202.906849
200 27.3163 41.557123 2225.576302
201 27.1818 41.540618 2282.211269
202 27.044 41.278224 2314.020163
203 26.9069 40.300514 2416.341302
204 26.7694 40.625494 2264.371731
205 26.6322 42.544232 2451.713379
206 26.4957 42.278104 2389.800909
207 26.3593 43.860644 2399.083536
208 26.2222 44.170904 2340.288241
209 26.0839 42.789437 2323.493349
210 25.9488 40.663599 2322.910221
211 25.8122 43.986170 2523.475333
212 25.6746 46.107523 2483.704258
213 25.5384 42.885297 2444.686719
214 25.4021 44.981798 2310.398777
215 25.265 45.321126 2472.358958
216 25.1298 42.556785 2518.961308
217 24.9923 43.513616 2391.839368
218 24.8565 43.611107 2376.722207
219 24.7218 45.865571 2324.389154
220 24.5858 41.223793 2532.434929
221 24.4502 40.164882 2434.942195
222 24.3129 43.020022 2390.433614
223 24.1776 46.085356 2582.793960
224 24.042 41.291196 2535.469225
225 23.9059 42.905082 2453.730741
226 23.7684 44.040317 2568.451276
227 23.6334 41.044434 2544.034740
228 23.4965 43.397474 2471.907235
229 23.3603 40.112992 2656.433145
230 23.2224 41.703574 2643.373782
231 23.0878 41.515417 2660.170661
232 22.9519 42.242080 2588.048353
233 22.8152 43.895781 2697.437543
234 22.6793 46.883696 2563.667281
235 22.5424 40.996274 2576.174872
236 22.4068 40.408483 2638.285278
237 22.2717 39.106160 2624.502097
238 22.1351 39.367895 2717.017334
239 21.999 45.473210 2740.774592
240 21.8618 41.851519 2768.293305
241 21.7265 38.477421 2562.844241
242 21.5873 40.972482 2728.043434
243 21.4526 42.469496 2852.401110
244 21.3174 44.432451 2828.659140
245 21.1798 46.097837 2853.670378
246 21.0439 45.364410 2770.948794
247 20.9098 42.953132 2782.266330
248 20.7707 41.853879 2852.442714
249 20.636 42.348549 2826.635514
250 20.4997 43.177406 2926.861252
251 20.3635 42.708945 2762.245695
252 20.2265 42.495178 2881.625245
253 20.0915 44.709115 2939.979509
254 19.9549 40.816440 2735.857989
255 19.8188 40.029871 3007.331331
256 19.6821 42.183982 3064.496267
257 19.5466 42.210188 2939.001350
258 19.4112 41.981599 3069.996414
259 19.2742 40.715982 2902.177002
260 19.1383 41.683154 3017.638039
261 19.0028 41.308789 3117.433790
262 18.8661 36.532630 3011.136246
263 18.7303 39.594901 3204.952372
264 18.5945 44.732266 3051.442980
265 18.4539 37.334857 3082.397531
266 18.3232 36.932138 3017.620859
267 18.1789 68.660635 3115.588226
268 18.0158 21.979805 3124.008975
269 17.9132 136.307135 3216.869889