0 64.8927 0.511640 446.791283
1 64.6588 -1.593236 447.440318
2 64.4099 0.489289 442.733475
3 64.1631 0.156192 431.789497
4 63.9237 -0.078347 414.834734
5 63.6874 0.503305 402.640591
6 63.4424 -0.170813 420.779338
7 63.203 -0.462818 402.509460
8 62.9618 0.267983 399.718599
9 62.7219 -0.765691 402.496986
10 62.4867 -0.435867 373.143040
11 62.247 -0.223502 368.261789
12 62.009 -0.898665 371.011007
13 61.7703 -0.783644 363.111581
14 61.5323 0.041881 348.572954
15 61.2878 -0.602237 357.882902
16 61.0412 -0.018623 342.907879
17 60.7985 -0.086118 338.893535
18 60.5571 0.266989 332.372417
19 60.3181 -0.238400 342.436075
20 60.0804 0.385362 325.676322
21 59.8375 0.066283 320.620668
22 59.5989 -0.077171 328.608673
23 59.3607 0.373366 328.345161
24 59.1271 0.626273 319.435593
25 58.8942 0.416193 308.172616
26 58.6537 -0.064746 314.559440
27 58.4113 -0.286535 315.358344
28 58.1785 0.095298 295.804335
29 57.94 0.511459 298.591236
30 57.6969 0.454584 311.754943
31 57.4594 0.480468 306.679002
32 57.2241 0.582660 310.033814
33 56.9794 0.421870 306.825901
34 56.7401 0.061200 291.112613
35 56.5001 1.626637 308.668993
36 56.2614 0.117745 303.524778
37 56.0263 1.804004 314.115588
38 55.7878 0.796237 294.454875
39 55.5519 1.171937 311.374680
40 55.3152 1.272434 291.330634
41 55.0786 2.085926 306.539343
42 54.835 1.142362 304.207275
43 54.5896 1.791423 303.629421
44 54.3491 1.766308 306.267213
45 54.1095 1.886249 286.083827
46 53.8714 1.732920 300.099694
47 53.636 2.454374 299.048912
48 53.3955 2.194470 288.259138
49 53.1593 2.624628 297.622942
50 52.9246 2.556564 301.446572
51 52.6939 2.249515 297.778162
52 52.464 3.397320 305.970402
53 52.227 3.683803 299.463741
54 51.9887 3.920817 288.717356
55 51.7602 3.073713 297.956986
56 51.5253 4.282213 298.269728
57 51.2893 4.442080 317.100777
58 51.0569 4.581955 308.849397
59 50.8288 4.777979 306.117008
60 50.5925 4.133712 313.079618
61 50.3622 4.616322 298.159676
62 50.1282 4.756892 312.316478
63 49.8957 5.004144 292.699533
64 49.6679 6.125653 292.858711
65 49.4374 7.029070 304.732036
66 49.2095 6.042986 290.349662
67 48.9793 6.476511 317.351446
68 48.7502 7.875123 309.172005
69 48.5136 6.796747 309.423428
70 48.276 6.955398 304.639481
71 48.0459 8.158160 298.542164
72 47.8156 8.524222 300.519115
73 47.588 7.742632 302.838750
74 47.3604 8.890162 309.026929
75 47.1281 8.811470 297.514815
76 46.9019 9.048815 318.531874
77 46.6772 9.379136 300.424533
78 46.4553 9.473348 306.656042
79 46.2342 9.536868 310.473292
80 46.0055 10.351593 310.704757
81 45.7765 10.092412 294.094234
82 45.56 10.893029 313.001129
83 45.3367 10.941185 308.717948
84 45.1171 11.434192 323.419514
85 44.8993 12.410090 306.448934
86 44.6831 11.194587 298.351186
87 44.4618 11.081206 312.795141
88 44.2438 11.343189 304.786877
89 44.0216 11.792859 304.410573
90 43.8009 11.431166 316.906431
91 43.5835 12.857398 307.257455
92 43.3657 12.019364 295.446847
93 43.1484 12.206401 305.222954
94 42.9272 13.308379 315.305967
95 42.7055 13.320453 315.516780
96 42.4762 12.230022 318.267166
97 42.2465 11.764229 310.660285
98 42.0267 12.407441 316.738077
99 41.8067 12.608309 309.288402
100 41.5869 12.843915 293.471000
101 41.3667 13.134907 309.246723
102 41.1405 12.161967 303.917679
103 40.9212 12.821549 326.533043
104 40.7018 14.201020 322.506135
105 40.4866 12.779998 304.730046
106 40.2718 12.963510 313.809403
107 40.0493 13.564350 327.455513
108 39.8254 13.236667 321.737978
109 39.6167 13.435475 330.754368
110 39.3992 13.372650 323.138194
111 39.1876 13.204777 318.929703
112 38.9763 13.783339 330.971009
113 38.7661 13.406169 322.383317
114 38.5519 14.327932 346.044577
115 38.3395 13.232667 316.932580
116 38.1226 14.132367 328.262508
117 37.9069 13.518657 320.966478
118 37.6937 14.737772 333.799776
119 37.481 14.350600 332.366445
120 37.2684 13.962037 325.747001
121 37.0485 13.302920 321.664746
122 36.8297 14.279846 310.533485
123 36.6026 13.884215 332.228978
124 36.376 14.840392 310.515958
125 36.1595 13.669498 327.143855
126 35.9423 14.814815 317.214740
127 35.7264 15.024740 323.442694
128 35.5089 14.768547 330.365362
129 35.285 14.513749 325.727401
130 35.0697 15.155927 319.733149
131 34.8532 15.352337 335.403152
132 34.6404 13.988221 334.649677
133 34.4274 14.472361 331.443861
134 34.2078 14.341887 327.867660
135 33.9882 14.601547 333.758737
136 33.7815 14.397055 334.160066
137 33.5691 14.444629 313.588682
138 33.361 13.977091 350.070384
139 33.1525 14.131310 344.938911
140 32.9438 13.319309 343.902634
141 32.7316 14.451444 332.429613
142 32.5223 14.007037 347.448313
143 32.3096 15.332691 333.324021
144 32.0967 15.151473 315.976567
145 31.8859 14.704322 311.305610
146 31.6761 14.775224 320.238209
147 31.4643 15.579212 342.103409
148 31.248 14.362300 344.531058
149 31.0315 15.254513 338.410025
150 30.8066 14.787830 334.814410
151 30.5828 14.237056 330.469420
152 30.3685 14.668947 338.933643
153 30.1533 14.709381 347.065045
154 29.9393 14.541430 344.658459
155 29.7239 14.472817 333.132063
156 29.5024 14.988258 331.158546
157 29.2884 15.357528 314.647910
158 29.0725 14.800020 325.243539
159 28.8606 14.411826 333.651149
160 28.6489 15.095761 339.025407
161 28.4306 14.643907 358.742406
162 28.2117 14.124032 343.954497
163 28.0073 14.588205 342.250979
164 27.7951 15.546439 341.655162
165 27.5886 15.871602 357.730597
166 27.382 15.056614 358.428796
167 27.1756 15.156034 320.867614
168 26.9696 15.631454 353.256720
169 26.7623 14.246781 352.464220
170 26.5505 15.049227 353.104017
171 26.3371 14.371318 354.155645
172 26.1277 14.834768 348.732673
173 25.9198 14.613056 355.913842
174 25.7107 15.028854 355.318514
175 25.4951 14.004755 329.686905
176 25.2789 14.718510 363.989044
177 25.0548 14.008368 337.782563
178 24.8332 14.982068 358.730809
179 24.6204 15.459868 363.949172
180 24.4085 15.014636 335.758062
181 24.198 15.360065 350.237605
182 23.9836 14.895504 338.119011
183 23.7629 14.987796 359.954649
184 23.5514 15.611048 358.900011
185 23.3366 15.370661 353.125332
186 23.1272 15.553737 341.754512
187 22.9162 15.938310 340.759447
188 22.7 15.448567 339.858016
189 22.4823 15.250774 343.750595
190 22.2788 14.973085 357.872134
191 22.0677 15.371064 350.188729
192 21.8644 16.293161 353.691155
193 21.6595 15.105994 363.726361
194 21.4536 14.494171 350.052498
195 21.2467 15.551280 371.172154
196 21.0409 15.188710 341.631610
197 20.831 15.867931 364.184020
198 20.6233 15.234529 357.022519
199 20.4148 16.238718 349.848091
200 20.2103 15.966186 350.963407
201 20.0035 15.985753 368.986000
202 19.7914 14.987394 366.852725
203 19.5787 15.820707 357.837413
204 19.3568 14.561257 361.016297
205 19.1358 15.215297 372.838310
206 18.9255 15.533800 361.242191
207 18.714 14.815433 360.999224
208 18.5037 15.056565 358.569242
209 18.2913 15.648856 357.053190
210 18.0714 14.698339 363.939175
211 17.8597 15.215789 370.773090
212 17.6461 15.778747 354.743446
213 17.4379 14.216509 365.392782
214 17.2275 15.345528 358.114504
215 17.012 16.485599 360.739969
216 16.7956 15.340090 350.253708
217 16.5947 14.354769 366.850502
218 16.3871 15.002246 363.886816
219 16.1855 15.595100 377.737829
220 15.984 15.994135 348.537662
221 15.7793 14.950751 364.835028
222 15.574 15.285809 389.552715
223 15.367 15.260988 373.266770
224 15.1572 15.435376 377.669792
225 14.9488 15.068403 382.255878
226 14.7418 15.777782 373.762472
227 14.5369 14.793451 381.548701
228 14.3286 15.876710 403.118637
229 14.1171 14.534922 368.196348
230 13.9055 15.861804 389.110927
231 13.6852 15.310658 390.743911
232 13.4646 15.239655 372.770619
233 13.254 15.766476 396.863181
234 13.046 15.730826 378.746844
235 12.8376 14.639993 380.844236
236 12.6265 16.243705 386.079335
237 12.4097 15.033568 403.411600
238 12.2013 14.802462 386.034218
239 11.9917 14.474358 394.705233
240 11.7835 14.649861 403.212547
241 11.5763 15.775904 407.237978
242 11.3642 14.569548 411.233662
243 11.152 15.100078 423.856560
244 10.9544 15.093134 418.272095
245 10.7519 15.219348 418.149193
246 10.5521 15.572939 438.035240
247 10.3561 16.676781 454.697498
248 10.1576 15.364562 447.012207
249 9.95534 14.893208 469.341512
250 9.75149 15.053222 493.479035
251 9.54766 15.516420 467.360051
252 9.3429 15.441055 496.602700
253 9.13955 15.277479 507.619291
254 8.94013 14.822569 525.036988
255 8.73543 15.713281 519.544630
256 8.52774 14.445444 537.914065
257 8.3178 14.821549 544.405815
258 8.10014 15.338647 583.872680
259 7.88385 15.756600 574.788139
260 7.67811 16.602526 592.659491
261 7.47384 17.379070 609.236825
262 7.2738 16.350267 667.529728
263 7.06918 15.283142 647.770662
264 6.85952 15.064623 708.091944
265 6.65796 15.092558 687.898892
266 6.46125 16.647109 722.289056
267 6.27033 15.139119 691.677396
268 6.06766 10.445668 761.835970
269 5.91566 44.102642 760.164101