0.045 0
0.135 0
0.225 0
0.315 0
0.405 0
0.495 0
0.585 0
0.675 0
0.765 0
0.855 0
0.945 0
1.035 0
1.125 0.000152059
1.215 0.0271182
1.305 0.566824
1.395 3.7467
1.485 3.49589
1.575 1.60325
1.665 0.586688
1.755 0.192681
1.845 0.0712592
1.935 0.0561348
2.025 0.105682
2.115 0.254092
2.205 0.646277
2.295 1.35334
2.385 1.97672
2.475 2.13351
2.565 1.73752
2.655 1.31412
2.745 1.08818
2.835 0.984071
2.925 0.899537
3.015 0.848174
3.105 0.827515
3.195 0.823073
3.285 0.825787
3.375 0.864731
3.465 0.953076
3.555 1.10778
3.645 1.25926
3.735 1.2725
3.825 1.14479
3.915 1.0004
4.005 0.931855
4.095 0.943998
4.185 0.993932
4.275 1.03193
4.365 1.0506
4.455 1.07153
4.545 1.10898
4.635 1.1367
4.725 1.15437
4.815 1.1554
4.905 1.14451
4.995 1.11359
5.085 1.06808
5.175 1.03162
5.265 1.00838
5.355 1.00085
5.445 1.00561
5.535 1.01899
5.625 1.03082
5.715 1.04436
5.805 1.04885
5.895 1.0605
5.985 1.0628
6.075 1.06165
6.165 1.05375
6.255 1.04834
6.345 1.04715
6.435 1.0489
6.525 1.05242
6.615 1.04971
6.705 1.05372
6.795 1.05767
6.885 1.06033
6.975 1.06202
7.065 1.06421
7.155 1.05917
7.245 1.05553
7.335 1.0522
7.425 1.04849
7.515 1.04239
7.605 1.04302
7.695 1.04365
7.785 1.04233
7.875 1.047
7.965 1.04648
8.055 1.04785
8.145 1.05266
8.235 1.05318
8.325 1.05385
8.415 1.05453
8.505 1.05421
8.595 1.05435
8.685 1.05454
8.775 1.05157
8.865 1.05236
8.955 1.05119