0.045 0
0.135 0
0.225 0
0.315 0
0.405 0
0.495 0
0.585 0
0.675 0
0.765 0
0.855 0
0.945 0
1.035 6.70596e-05
1.125 0.00814574
1.215 0.212373
1.305 1.18408
1.395 2.43664
1.485 2.2226
1.575 1.29543
1.665 0.636067
1.755 0.317477
1.845 0.212908
1.935 0.243299
2.025 0.408182
2.115 0.71633
2.205 1.12668
2.295 1.51268
2.385 1.71645
2.475 1.69981
2.565 1.50388
2.655 1.27629
2.745 1.10484
2.835 0.986734
2.925 0.907792
3.015 0.847344
3.105 0.827055
3.195 0.822244
3.285 0.853518
3.375 0.914848
3.465 0.991642
3.555 1.0546
3.645 1.07559
3.735 1.0545
3.825 1.0086
3.915 0.974084
4.005 0.963393
4.095 0.975455
4.185 1.00222
4.275 1.0281
4.365 1.04727
4.455 1.07034
4.545 1.08932
4.635 1.09766
4.725 1.09244
4.815 1.08027
4.905 1.0581
4.995 1.03177
5.085 1.00944
5.175 0.989494
5.265 0.981219
5.355 0.977945
5.445 0.98197
5.535 0.987511
5.625 0.997033
5.715 1.00521
5.805 1.00956
5.895 1.01552
5.985 1.02003
6.075 1.01979
6.165 1.02451
6.255 1.02542
6.345 1.02849
6.435 1.02944
6.525 1.03187
6.615 1.03101
6.705 1.03015
6.795 1.03061
6.885 1.02647
6.975 1.02571
7.065 1.02168
7.155 1.01772
7.245 1.01515
7.335 1.0112
7.425 1.0097
7.515 1.00839
7.605 1.00759
7.695 1.00753
7.785 1.00942
7.875 1.01153
7.965 1.01277
8.055 1.01607
8.145 1.019
8.235 1.0175
8.325 1.02141
8.415 1.02061
8.505 1.02175
8.595 1.02187
8.685 1.02211
8.775 1.02095
8.865 1.01981
8.955 1.01824