0.045 0
0.135 0
0.225 0
0.315 0
0.405 0
0.495 0
0.585 0
0.675 0
0.765 0
0.855 0
0.945 0
1.035 0.00290383
1.125 0.0687538
1.215 0.498752
1.305 1.38328
1.395 3.35184
1.485 2.66752
1.575 1.14729
1.665 0.63025
1.755 0.464516
1.845 0.440053
1.935 0.526076
2.025 0.683755
2.115 0.883402
2.205 1.1
2.295 1.42698
2.385 1.72265
2.475 1.82442
2.565 1.55306
2.655 1.24646
2.745 1.08746
2.835 1.01744
2.925 0.948127
3.015 0.902246
3.105 0.909173
3.195 0.94274
3.285 0.979867
3.375 1.02091
3.465 1.07067
3.555 1.13559
3.645 1.23157
3.735 1.26892
3.825 1.20837
3.915 1.11561
4.005 1.06606
4.095 1.07242
4.185 1.11343
4.275 1.13846
4.365 1.14101
4.455 1.14591
4.545 1.16481
4.635 1.1805
4.725 1.18399
4.815 1.18407
4.905 1.18053
4.995 1.16804
5.085 1.14631
5.175 1.12015
5.265 1.10284
5.355 1.09822
5.445 1.10101
5.535 1.10969
5.625 1.11732
5.715 1.12016
5.805 1.12512
5.895 1.12998
5.985 1.13702
6.075 1.13782
6.165 1.13464
6.255 1.12649
6.345 1.12663
6.435 1.12509
6.525 1.12393
6.615 1.12496
6.705 1.12348
6.795 1.12275
6.885 1.12301
6.975 1.125
7.065 1.12732
7.155 1.12617
7.245 1.12605
7.335 1.12519
7.425 1.1216
7.515 1.12175
7.605 1.11778
7.695 1.11732
7.785 1.11934
7.875 1.1213
7.965 1.12275
8.055 1.12268
8.145 1.12554
8.235 1.12498
8.325 1.1266
8.415 1.12748
8.505 1.12761
8.595 1.12825
8.685 1.12712
8.775 1.12472
8.865 1.12432
8.955 1.1243