0.045 0
0.135 0
0.225 0
0.315 0
0.405 0
0.495 0
0.585 0
0.675 0
0.765 0
0.855 0
0.945 0
1.035 0
1.125 0
1.215 0.0216939
1.305 0.581782
1.395 6.47089
1.485 4.00405
1.575 0.822339
1.665 0.127667
1.755 0.0170594
1.845 0.00262288
1.935 0.00438252
2.025 0.0161244
2.115 0.0478781
2.205 0.341865
2.295 1.21052
2.385 2.12554
2.475 2.3494
2.565 1.56688
2.655 0.957755
2.745 0.797508
2.835 0.790312
2.925 0.709715
3.015 0.663486
3.105 0.689303
3.195 0.710053
3.285 0.718468
3.375 0.736629
3.465 0.833601
3.555 1.08079
3.645 1.36577
3.735 1.41271
3.825 1.19003
3.915 0.943737
4.005 0.855541
4.095 0.909384
4.185 0.998536
4.275 1.02652
4.365 1.00824
4.455 1.01174
4.545 1.05446
4.635 1.09295
4.725 1.1184
4.815 1.13283
4.905 1.12859
4.995 1.09322
5.085 1.03478
5.175 0.970199
5.265 0.936086
5.355 0.926651
5.445 0.931622
5.535 0.950462
5.625 0.96725
5.715 0.975016
5.805 0.986767
5.895 1.00631
5.985 1.02062
6.075 1.01818
6.165 1.00618
6.255 0.996847
6.345 0.996952
6.435 0.994281
6.525 0.994377
6.615 0.99105
6.705 0.991429
6.795 0.993128
6.885 0.998873
6.975 1.00515
7.065 1.01073
7.155 1.00956
7.245 1.00895
7.335 1.00631
7.425 0.998703
7.515 0.99083
7.605 0.986915
7.695 0.98617
7.785 0.989357
7.875 0.992855
7.965 0.994351
8.055 0.997895
8.145 1.00196
8.235 1.00224
8.325 1.00392
8.415 1.00588
8.505 1.0059
8.595 1.0022
8.685 1.00288
8.775 0.998316
8.865 0.996701
8.955 0.997844