1       -17.46336723  1166.89  50.00    9.39    1345.05961 1176.47381 1129.13587     -17.17031716
2       -16.70694087  -698.76  50.00    9.39    -417.69835 -773.53607 -755.05648     -16.24372628
3       -18.07508772    92.46  50.00   14.84      47.90424  161.69917  217.77379     -17.72897105
4       -18.07650306   147.91  50.00   11.09     100.88280  219.96577  272.89526     -17.73439758
5       -17.88265596  -381.44  50.00   10.96    -278.60120 -356.59617 -359.11870     -17.49206605
6       -18.16889167   -70.79  50.00   12.52     -48.16457   -6.74156   -7.46194     -17.81212416
7       -18.16836442   -61.06  50.00   11.43     -41.38867    3.66262    4.55897     -17.81235521
8       -18.15627526    61.22  50.00   11.41     143.46122   93.15796   97.03627     -17.80938464
9       -18.17022411    -7.65  50.00   11.12      36.40428   44.22187   46.43072     -17.81841749
10      -18.17020086    -7.39  50.00   11.27      36.72320   44.44811   46.65841     -17.81841773
11      -18.16915405     6.91  50.00   11.27      58.52979   57.14553   55.06590     -17.81843389
12      -18.16976069    -0.01  50.00   11.24      48.08084   50.92241   50.95444     -17.81852884