3.755 -7.409 -6.52231 378.303 2.198344646 2.198344688 2.198344706
 3.85 -7.62168 -6.80286 340.723 2.216513607 2.216513650 2.216513668
3.945 -7.81337 -7.05882 306.421 2.234389489 2.234389532 2.234389550
4.04 -7.98557 -7.29213 274.98 2.251983832 2.251983875 2.251983893
4.13 -8.14016 -7.50548 246.196 2.269307465 2.269307509 2.269307527
4.225 -8.27866 -7.69895 219.818 2.286370568 2.286370612 2.286370630
4.32 -8.40223 -7.87484 195.579 2.303182720 2.303182764 2.303182783
4.415 -8.51221 -8.03462 173.301 2.319752949 2.319752994 2.319753013
4.505 -8.60965 -8.17996 152.806 2.336089776 2.336089821 2.336089840
  4.6 -8.69555 -8.31102 133.922 2.352201249 2.352201295 2.352201314
4.695 -8.77446 -8.43337 116.387 2.368094983 2.368095029 2.368095048
4.79 -8.8362 -8.53587 100.447 2.383778188 2.383778234 2.383778254
4.885 -8.89272 -8.63158 85.643 2.399257701 2.399257747 2.399257767
4.975 -8.94063 -8.71729 71.92 2.414540009 2.414540056 2.414540075
5.07 -8.98129 -8.79354 59.326 2.429631276 2.429631323 2.429631343
5.165 -9.01456 -8.861 47.629 2.444537362 2.444537410 2.444537429
5.26 -9.04133 -8.92041 36.828 2.459263846 2.459263894 2.459263914
5.355 -9.0622 -8.97238 26.87 2.473816042 2.473816090 2.473816110
5.445 -9.07736 -9.01739 17.645 2.488199017 2.488199065 2.488199085
5.54 -9.08733 -9.05585 9.104 2.502417605 2.502417654 2.502417674
5.635 -9.09262 -9.08829 1.231 2.516476426 2.516476475 2.516476495
5.73 -9.09356 -9.11517 -6.043 2.530379893 2.530379942 2.530379963
5.82 -9.09021 -9.13671 -12.801 2.544132228 2.544132277 2.544132298
5.915 -9.08341 -9.15354 -18.994 2.557737472 2.557737521 2.557737542
6.01 -9.0728 -9.16571 -24.766 2.571199496 2.571199545 2.571199566
6.105 -9.05923 -9.17376 -30.054 2.584522011 2.584522061 2.584522082
6.2 -9.04248 -9.17782 -34.97 2.597708576 2.597708626 2.597708647
6.29 -9.02322 -9.17816 -39.464 2.610762607 2.610762657 2.610762678
6.385 -9.00134 -9.17519 -43.62 2.623687385 2.623687435 2.623687457
6.48 -8.9772 -9.16907 -47.437 2.636486062 2.636486113 2.636486135
6.575 -8.95068 -9.15992 -50.982 2.649161671 2.649161722 2.649161744
6.665 -8.92224 -9.14787 -54.233 2.661717127 2.661717179 2.661717200
6.76 -8.892 -9.13342 -57.213 2.674155238 2.674155290 2.674155312
6.855 -8.86001 -9.11655 -59.955 2.686478708 2.686478760 2.686478782
6.95 -8.82656 -9.09751 -62.456 2.698690143 2.698690195 2.698690217
7.045 -8.79173 -9.07639 -64.733 2.710792054 2.710792107 2.710792129
7.135 -8.75518 -9.053 -66.87 2.722786866 2.722786918 2.722786940
7.23 -8.71763 -9.02809 -68.794 2.734676915 2.734676968 2.734676990
7.325 -8.67918 -9.0016 -70.516 2.746464462 2.746464515 2.746464537
7.42 -8.63927 -8.97337 -72.136 2.758151685 2.758151738 2.758151761
7.51 -8.59898 -8.94369 -73.534 2.769740694 2.769740747 2.769740770
7.605 -8.55736 -8.91271 -74.857 2.781233525 2.781233579 2.781233602
7.7 -8.51519 -8.88058 -76.022 2.792632151 2.792632205 2.792632228
7.795 -8.47228 -8.84727 -77.069 2.803938477 2.803938531 2.803938554
7.89 -8.42886 -8.81295 -77.989 2.815154350 2.815154405 2.815154428
7.98 -8.38478 -8.77735 -78.812 2.826281559 2.826281613 2.826281636
8.075 -8.34018 -8.74111 -79.543 2.837321833 2.837321888 2.837321911
8.17 -8.29504 -8.704 -80.192 2.848276852 2.848276908 2.848276931
8.265 -8.24957 -8.66612 -80.742 2.859148244 2.859148299 2.859148322
8.355 -8.20396 -8.62738 -81.19 2.869937585 2.869937640 2.869937663
8.45 -8.15764 -8.58811 -81.614 2.880646406 2.880646462 2.880646485
8.545 -8.11137 -8.54835 -81.927 2.891276194 2.891276250 2.891276273
8.64 -8.06486 -8.50805 -82.177 2.901828390 2.901828447 2.901828470
8.735 -8.01809 -8.46725 -82.378 2.912304396 2.912304452 2.912304476
8.825 -7.97119 -8.42577 -82.522 2.922705571 2.922705628 2.922705652
8.92 -7.92438 -8.38421 -82.586 2.933033239 2.933033296 2.933033319
9.015 -7.87733 -8.34226 -82.622 2.943288683 2.943288740 2.943288764
9.11 -7.83034 -8.30004 -82.599 2.953473154 2.953473211 2.953473235
9.205 -7.78329 -8.25753 -82.538 2.963587867 2.963587925 2.963587949
9.295 -7.73622 -8.21453 -82.44 2.973634005 2.973634062 2.973634086
9.39 -7.68937 -8.17165 -82.283 2.983612717 2.983612775 2.983612799