3.755   -7.409 -6.52231 378.303 2.198344646 2.198344688 2.198344706
 3.85 -7.62168 -6.80286 340.723 2.216513607 2.216513650 2.216513668
3.945 -7.81337 -7.05882 306.421 2.234389489 2.234389532 2.234389550
 4.04 -7.98557 -7.29213  274.98 2.251983832 2.251983875 2.251983893
 4.13 -8.14016 -7.50548 246.196 2.269307465 2.269307509 2.269307527
4.225 -8.27866 -7.69895 219.818 2.286370568 2.286370612 2.286370630
 4.32 -8.40223 -7.87484 195.579 2.303182720 2.303182764 2.303182783
4.415 -8.51221 -8.03462 173.301 2.319752949 2.319752994 2.319753013
4.505 -8.60965 -8.17996 152.806 2.336089776 2.336089821 2.336089840
  4.6 -8.69555 -8.31102 133.922 2.352201249 2.352201295 2.352201314
4.695 -8.77446 -8.43337 116.387 2.368094983 2.368095029 2.368095048