0 0 0
100 6392.4242 -1592.9351
200 7583.5223 18437.986
300 5765.8638 19182.152
400 4862.0923 25687.917
500 3627.9732 24780.969
600 3083.7442 8142.317
700 2560.2554 7677.5155
800 2813.1212 6905.2375
900 2539.0635 4630.1465
1000 2169.3451 -3073.5366
1100 2302.6279 -2092.9692
1200 2429.1998 -1506.176
1300 2211.2177 3457.3269
1400 2115.51 -3080.3448
1500 2041.3504 1868.3083
1600 2273.8234 5190.7833
1700 2348.1413 -1886.1182
1800 2006.7534 13475.393
1900 2160.4837 -587.67174
2000 2150.8356 -1364.0338
2100 2160.2313 -5806.2227
2200 2002.9694 3199.6866
2300 2105.6152 -4270.8885
2400 1911.8788 9444.8161
2500 2135.5255 -7172.1121
2600 2045.1154 2783.8973
2700 2008.6309 -4511.3009
2800 1991.0265 -3403.1782
2900 1988.3672 2759.6763
3000 1945.8348 -13776.092
3100 1892.7799 5603.8837
3200 1971.1407 -2908.4669
3300 2117.3954 6967.7845
3400 2105.4673 -4274.1464
3500 2026.0904 -2163.7584
3600 2159.7815 2623.0623
3700 2226.9877 -8716.0548
3800 2077.6875 570.38095
3900 2087.242 269.79979
4000 2203.9708 -1931.4979