0 6136 -2779.1281 2650895.3 1861.6641
0.02 5598.1272 -3237.6689 988181.9 2305.1703
0.04 5818.3848 -3294.3877 982858.22 2303.8295
0.06 6084.308 -3310.2275 978162.28 2303.3645
0.08 6191.0843 -3303.1125 956581.89 2326.9788
0.1 6085.0439 -3309.9801 946538.01 2321.7192
0.12 6158.3326 -3307.3144 921124.58 2340.0194
0.14 6030.5284 -3287.4699 1035743.4 2309.2213
0.16 6044.9387 -3284.0232 1042718.6 2298.9488
0.18 5593.4221 -3321.8307 969697.6 2333.5122
0.2 6228.6763 -3358.4193 956553.04 2323.769
0.22 6054.5595 -3357.5592 953898.59 2308.7967
0.24 6125.2837 -3344.6989 903611.6 2338.6341
0.26 5865.1583 -3330.6922 939235.34 2350.7635
0.28 6225.463 -3356.5882 1026221 2306.4685
0.3 5748.0523 -3357.135 990839.9 2303.4665
0.32 5843.654 -3375.2403 931653.79 2325.4545
0.34 5853.3839 -3349.9981 922484.67 2323.1413
0.36 5633.5496 -3323.3225 999962.67 2297.8351
0.38 6098.8593 -3337.0968 1030227.7 2284.4775
0.4 6302.972 -3296.0551 1052203.7 2287.886
0.42 6510.6069 -3318.0602 1024963.3 2300.85
0.44 6477.1808 -3329.1872 957636.88 2321.916
0.46 5984.2966 -3349.8527 911713.27 2338.451
0.48 6041.7108 -3352.9984 895060.97 2341.39
0.5 6305.4584 -3324.3262 973984.23 2306.5397
0.52 5766.519 -3304.2935 980673.78 2326.5646
0.54 6232.945 -3298.6945 1031623.5 2306.0053
0.56 6406.4171 -3312.7444 1032402.8 2301.7185
0.58 6219.6102 -3315.0839 997009.63 2317.0205
0.6 6209.9513 -3296.5047 1044552.9 2305.6896
0.62 6485.8971 -3292.474 1051140.8 2321.5042
0.64 6320.2459 -3320.9375 1027206.3 2309.4148
0.66 6146.5559 -3298.8697 999147.95 2330.2704
0.68 6322.6875 -3301.27 951780.75 2329.8578
0.7 6427.8204 -3310.5002 992425.83 2313.3896
0.72 6044.9081 -3288.9274 990483.4 2325.756
0.74 6297.7201 -3277.776 957770.25 2323.2961
0.76 5882.3907 -3274.2478 931259.39 2344.5431
0.78 5811.7508 -3263.5304 944976.6 2354.6221
0.8 6182.8592 -3296.1621 1022882.2 2320.2256
0.82 6203.3875 -3288.1878 1038732.6 2315.1033
0.84 6349.1412 -3308.9368 1035869 2314.2638
0.86 6455.9018 -3338.5166 1019964.6 2308.3545
0.88 6258.5498 -3326.2118 958422.13 2324.6689
0.9 5762.8033 -3332.1391 949291.44 2315.9615
0.92 6138.7526 -3334.0179 964854.01 2322.6613
0.94 5921.3101 -3308.6397 999288.68 2324.2322
0.96 6292.396 -3269.9013 1111399.6 2294.5888
0.98 6518.0811 -3292.6293 1056999.6 2311.6658
1 6008.4604 -3307.2629 999928.18 2327.1326
1.02 6275.7682 -3321.5958 1021721.9 2289.7128
1.04 5481.5153 -3311.2787 953050.33 2315.7493
1.06 5893.3297 -3332.688 918464.76 2335.5539
1.08 6194.7606 -3337.5277 990462.48 2292.3859
1.1 6269.002 -3313.6663 1019510.8 2296.2733
1.12 6479.7044 -3287.99 1108124.8 2268.4055
1.14 6145.8696 -3303.9986 1028628 2303.9181
1.16 6284.0485 -3306.0299 952265.96 2320.0463
1.18 6071.1847 -3321.1712 988723.09 2316.597
1.2 5974.8344 -3307.285 1004706.8 2311.6305
1.22 6009.8503 -3298.614 986168.03 2302.7061
1.24 5932.0264 -3289.0416 1049943.3 2282.0762
1.26 6262.6854 -3302.8034 1050895.7 2293.8407
1.28 6264.0389 -3301.8078 1063659.3 2292.8056
1.3 6380.8719 -3308.0996 1023439 2304.5526
1.32 6286.6583 -3312.5065 1002814.5 2292.8217
1.34 6096.4223 -3322.7858 1002084 2301.2758
1.36 6281.3862 -3317.5315 956130.48 2316.8821
1.38 6298.3378 -3366.0433 878253.87 2346.6553
1.4 6041.461 -3336.6285 934311.13 2331.7305
1.42 6064.3876 -3328.78 969009.23 2325.9125
1.44 6485.102 -3341.6511 990237.39 2321.5244
1.46 6368.441 -3356.2683 990033.79 2298.5055
1.48 5996.7224 -3364.6938 931716.11 2318.4021
1.5 5689.6233 -3326.883 924582.29 2335.6593
1.52 6496.2152 -3319.8916 916665.19 2345.3309
1.54 6110.9539 -3325.9481 988952.27 2327.4897
1.56 5738.415 -3330.8415 1018716.5 2314.4849
1.58 6626.1627 -3311.8165 1112211.6 2288.4285
1.6 6526.5382 -3294.8821 1091416 2296.8735
1.62 5888.7986 -3295.944 1021514.1 2297.9435
1.64 6311.6618 -3346.0246 965833.85 2317.3692
1.66 5890.7448 -3330.1515 986136.78 2300.9275
1.68 5912.8148 -3345.5915 1032060.8 2276.7066
1.7 6212.9634 -3345.4377 1063460.1 2275.317
1.72 6529.8498 -3326.3824 1062645.8 2286.7883
1.74 6191.3634 -3307.768 977704.76 2307.5266
1.76 6126.9715 -3350.1859 952185.87 2318.2489
1.78 5969.0269 -3348.7106 965681.01 2304.7798
1.8 5832.5855 -3347.2446 985930.58 2301.7543
1.82 5985.7048 -3317.3895 1044451 2286.7462
1.84 6130.6027 -3277.7813 1188494.7 2246.6096
1.86 6268.1774 -3310.9899 1060318.4 2279.4441
1.88 6227.094 -3308.4651 981180.11 2310.4593
1.9 5945.3487 -3301.0566 1007187 2293.0071
1.92 6159.2751 -3338.1835 999093.21 2293.3463
1.94 5747.975 -3330.1162 977477.33 2301.7456
1.96 6139.4789 -3354.7314 986737.19 2310.2743
1.98 6027.2679 -3318.2403 940467.66 2312.5219
2 6189.5407 -3339.2354 980105.88 2304.2822
2.02 6198.6431 -3324.1572 1064351.3 2279.8729
2.04 6015.2463 -3286.8744 1090229.9 2268.6117
2.06 6270.5761 -3316.9866 958793.13 2319.8879
2.08 6105.2545 -3302.8149 972364.3 2317.4711
2.1 6123.5095 -3286.3569 1014314.4 2292.153
2.12 6260.9262 -3305.3818 1033500.8 2307.5515
2.14 6518.2188 -3280.6155 1121035 2273.2295
2.16 6150.5115 -3291.5942 1066131.2 2293.0727
2.18 6241.8332 -3308.9718 965927.48 2316.6994
2.2 6205.8691 -3315.1586 938781.08 2332.4243
2.22 6541.0544 -3323.9544 975950.09 2321.4405
2.24 6419.1235 -3321.0762 1000849.6 2295.0136
2.26 6019.7994 -3313.5623 1039881 2281.8704
2.28 5699.5516 -3324.8689 1016283.1 2297.7593
2.3 5998.2064 -3327.6122 1043153.7 2292.9499
2.32 5521.0731 -3282.5624 1137030.2 2254.922
2.34 5992.5879 -3327.2373 1044623.2 2286.0718
2.36 5904.2189 -3337.705 1023595.7 2302.2118
2.38 5458.9883 -3323.0924 1034420.5 2290.4322
2.4 6005.6364 -3322.6604 1035842.4 2297.087
2.42 6183.0361 -3325.0571 1006052.5 2310.4555
2.44 6216.6332 -3344.5921 899619.03 2339.973
2.46 6398.159 -3355.0903 907695.5 2322.1421
2.48 6262.5043 -3335.7084 991103.96 2300.5853
2.5 6205.3509 -3306.8602 996989.87 2299.8504
2.52 6375.9132 -3291.9613 999552.24 2299.0328
2.54 6157.2538 -3287.3536 1086294.2 2274.6779
2.56 6400.144 -3293.6125 1073684.2 2290.3128
2.58 6556.4918 -3296.5284 1042847.9 2300.9521
2.6 6291.221 -3311.5471 925755.89 2322.3693
2.62 5975.3325 -3310.3444 957577.89 2308.9004
2.64 6190.8042 -3326.2112 985950.55 2296.236
2.66 6058.6754 -3333.9906 1025982.3 2293.0638
2.68 5890.6867 -3344.3216 1024178.2 2309.6206
2.7 6095.918 -3348.3747 939736.35 2336.1973
2.72 6496.9637 -3352.9687 920176.3 2335.7895
2.74 6262.3847 -3356.6285 910076.09 2346.3796
2.76 5711.6962 -3354.8572 971014.48 2330.3702
2.78 6216.4228 -3314.5784 1027690.6 2286.2314
2.8 6557.0324 -3327.0737 960049.12 2319.0377
2.82 6429.2353 -3347.4089 967742.67 2323.7401
2.84 5869.1082 -3330.3669 964651.21 2327.3651
2.86 5918.098 -3319.8616 952895.72 2326.3888
2.88 5844.6034 -3319.2588 970790.41 2323.4721
2.9 6351.9376 -3330.7296 1056124.7 2289.8902
2.92 6311.384 -3319.7223 1072427.9 2278.9834
2.94 6026.1937 -3302.3673 1084349.8 2276.6548
2.96 6250.5554 -3334.779 1032476 2287.6409
2.98 5917.1832 -3352.7339 982400.91 2311.2883
3 6195.923 -3334.3369 1022615.2 2295.1329
3.02 5851.7663 -3359.6047 995694.97 2295.8003
3.04 5908.9195 -3341.9666 958263.1 2301.5031
3.06 5811.8933 -3358.82 889089.24 2325.4451
3.08 6110.9039 -3355.7718 932798.98 2325.4327
3.1 6145.5536 -3362.7872 998108.76 2305.5092
3.12 6075.0755 -3352.9958 1005336.7 2288.9655
3.14 6108.8243 -3323.8801 969412.48 2317.4433
3.16 5888.6117 -3320.257 968243.2 2301.2597
3.18 5945.7884 -3341.3195 1013361.9 2295.5373
3.2 6069.2059 -3335.6319 1034947.8 2299.5358
3.22 6615.2668 -3323.2823 1036404.2 2312.3281
3.24 6683.5063 -3330.8108 1060129.5 2296.3447
3.26 6487.9213 -3337.6287 1041157.7 2297.4662
3.28 5937.987 -3308.9158 979434.47 2314.5014
3.3 5918.1846 -3322.3718 952179.21 2312.8083
3.32 5959.645 -3328.3807 953579.83 2307.5954
3.34 6441.8334 -3328.5241 982298.26 2321.343
3.36 6268.85 -3329.1136 997466.34 2317.0888
3.38 6315.0796 -3312.3672 994478.45 2318.6765
3.4 5775.1736 -3296.6064 997394.29 2312.0643
3.42 6193.5936 -3316.9285 1047094.9 2296.5587
3.44 6492.0053 -3313.6554 1007229.2 2303.5945
3.46 6229.0891 -3299.0697 938149.34 2331.5409
3.48 6214.4423 -3327.6304 879892.53 2348.2367
3.5 6526.9097 -3302.8456 974922.98 2313.2363
3.52 6207.4889 -3312.6247 1005567.3 2318.6912
3.54 5983.513 -3289.7683 1007412.8 2296.5218
3.56 6535.4785 -3315.6827 1009344.6 2295.0605
3.58 6406.6418 -3334.0897 964913.46 2324.0065
3.6 5528.4261 -3315.9221 956549.61 2317.6786
3.62 5695.7763 -3321.8027 944752.45 2334.6412
3.64 6339.317 -3337.0303 904689.95 2348.3089
3.66 5727.892 -3299.0384 984490.03 2316.2033
3.68 5885.2128 -3311.9784 1036339.4 2286.761
3.7 6041.4119 -3321.4366 1018122.1 2294.4043
3.72 5669.4611 -3321.068 1000244.5 2287.07
3.74 5789.7791 -3303.1792 984400.23 2312.2826
3.76 6311.2225 -3334.4764 921791.84 2337.8769
3.78 6566.7687 -3349.8553 952447.07 2332.0308
3.8 6331.7777 -3323.3485 1000222.2 2315.8597
3.82 6349.7648 -3316.1681 989862.55 2301.1849
3.84 5924.5694 -3336.0378 997402.89 2305.6049
3.86 6332.2079 -3337.1725 1019600.6 2287.6309
3.88 6206.9174 -3322.8705 988388.79 2313.6163
3.9 5999.0928 -3338.1806 951700.25 2317.0098
3.92 6142.044 -3344.9032 928651.03 2326.1767
3.94 5619.9244 -3334.7913 997156.87 2291.7912
3.96 6566.8217 -3327.219 1016027.7 2311.177
3.98 6529.1985 -3326.9789 1048819.9 2285.3855
4 6082.8803 -3330.4278 1021998.4 2289.59