0 6233 -2779.1281 2653995.8 1861.6641
0.02 5792.9365 -3238.6616 978970.78 2311.5233
0.04 6344.8628 -3252.9838 1011779 2302.2069
0.06 6046.4985 -3274.0564 992165.38 2318.2688
0.08 6115.1491 -3271.1051 974211.98 2330.3804
0.1 6241.5748 -3283.255 986133.8 2324.5528
0.12 6325.6606 -3290.4875 941977.68 2345.0158
0.14 5966.3222 -3285.482 872688.63 2379.5996
0.16 6167.0172 -3291.834 981012.34 2320.5013
0.18 6026.9108 -3284.7841 991854.58 2341.2038
0.2 6079.139 -3277.3998 992904.52 2320.7546
0.22 6439.2032 -3277.7332 1040335.2 2316.0098
0.24 5967.4317 -3283.436 1068384.2 2305.3882
0.26 6075.5892 -3313.9296 1004700.4 2329.124
0.28 5985.2595 -3314.0144 990323.31 2328.5755
0.3 6022.85 -3304.8646 877439.39 2376.6941
0.32 6158.5313 -3294.7407 955994.41 2338.7883
0.34 6303.2798 -3282.7913 999034.43 2324.2934
0.36 6630.7685 -3303.4911 1012581.5 2315.5018
0.38 6397.6763 -3292.7006 1004712.9 2346.7993
0.4 5847.1919 -3253.4827 1039955.9 2337.313
0.42 6494.1572 -3271.9665 1060955.7 2325.1482
0.44 6085.6963 -3275.0318 1034775.1 2333.7358
0.46 5962.2585 -3284.8222 985260.14 2325.4809
0.48 6470.0001 -3284.5132 922630.27 2353.8198
0.5 6717.0207 -3291.7298 926746.61 2345.9049
0.52 6462.2718 -3252.4209 988574.58 2319.7718
0.54 6690.4493 -3298.7739 1050047.7 2312.3683
0.56 6491.935 -3253.8167 1083090.9 2307.6638
0.58 6275.3561 -3272.1063 1044041.3 2310.0492
0.6 6691.8479 -3257.781 1010301.5 2327.4309
0.62 6342.9062 -3280.9292 942920.06 2352.7711
0.64 6410.1026 -3312.744 892357.77 2371.649
0.66 6539.0848 -3298.3885 985298.5 2320.8333
0.68 6033.3917 -3251.2898 993721.09 2311.0447
0.7 6341.6599 -3265.4988 1008226.8 2311.9039
0.72 6291.1023 -3278.1859 995643.36 2320.6399
0.74 6564.373 -3295.0385 1028011.8 2304.217
0.76 6084.9319 -3261.4421 1008565.1 2323.4266
0.78 6366.5221 -3311.2333 990579.03 2309.5247
0.8 6016.8669 -3334.1718 932055.13 2343.9479
0.82 5940.0589 -3311.4191 969675.78 2314.9261
0.84 6178.1132 -3291.8439 1097065.6 2305.8627
0.86 6431.7747 -3291.977 1087147.8 2298.2092
0.88 5934.1729 -3279.3784 1033407.6 2327.1107
0.9 6564.2712 -3315.2833 977769.85 2350.2604
0.92 6508.5433 -3311.6357 949981.34 2361.3021
0.94 6242.6171 -3261.7309 1010084.6 2333.3118
0.96 6353.9631 -3262.8202 1107185.8 2297.4698
0.98 6523.0795 -3288.3258 1033216.9 2313.7212
1 6530.9098 -3306.0806 1056643.4 2306.8775
1.02 6342.3283 -3283.4147 1046314.2 2324.595
1.04 6269.1608 -3289.9113 1030324.2 2316.4581
1.06 6555.0491 -3320.843 919207.31 2353.4701
1.08 6150.0846 -3314.1529 849057.02 2380.0063
1.1 6097.8998 -3281.7186 975866.57 2348.3269
1.12 6576.8617 -3301.4372 1021476 2315.2373
1.14 6268.308 -3286.9724 1038483.1 2316.3293
1.16 6003.7083 -3300.1232 995566.32 2333.8702
1.18 6339.5732 -3299.6756 993959.36 2320.0673
1.2 6277.1248 -3321.0049 961858.28 2358.2447
1.22 6212.6172 -3310.1723 993224.19 2325.05
1.24 6416.8171 -3272.9418 1032213.9 2310.2165
1.26 6266.9924 -3286.5657 1058028.2 2307.9667
1.28 5987.9624 -3270.7632 1011977.5 2337.4289
1.3 6015.6624 -3294.2791 916310.04 2356.0405
1.32 6075.5242 -3290.4235 910388.71 2355.5258
1.34 6225.7975 -3254.3855 1004641.5 2314.5224
1.36 6083.0048 -3265.7204 1017514.3 2318.474
1.38 6092.8704 -3291.1254 1017410.1 2314.9951
1.4 5687.3856 -3274.3678 960813.76 2336.0122
1.42 6090.3967 -3305.6333 906374.59 2354.9224
1.44 6370.5738 -3281.4999 1026861.5 2308.1453
1.46 6139.5828 -3291.7478 1016503.6 2335.3001
1.48 6099.6312 -3262.2466 1036901.9 2320.0785
1.5 6304.3755 -3273.1812 1027322.8 2322.0635
1.52 6292.5097 -3281.6926 1032746.9 2310.8475
1.54 6499.9282 -3302.2762 960272.23 2359.1093
1.56 6463.4598 -3309.4707 927556.82 2363.2317
1.58 6555.0208 -3287.6553 934754.86 2353.3861
1.6 6776.3617 -3296.6665 1052064.6 2306.9689
1.62 6465.6527 -3306.1702 1051434 2300.0516
1.64 6414.346 -3273.3124 1029255.5 2307.3549
1.66 6156.5977 -3320.0947 959518.74 2338.4683
1.68 6031.845 -3308.0915 936356.86 2349.3789
1.7 6718.3289 -3308.6707 960812.26 2346.2494
1.72 6451.5971 -3298.6699 1027711 2310.8228
1.74 6007.0427 -3292.0852 1019656 2307.2985
1.76 6354.2478 -3330.6442 976716.52 2329.1986
1.78 6303.1342 -3313.2966 959641.62 2344.3097
1.8 6394.2492 -3322.1432 875648.24 2368.5976
1.82 6217.2106 -3300.4475 896284.04 2353.8499
1.84 6393.1602 -3282.6786 1005983.9 2323.5675
1.86 6268.9124 -3280.7029 1047253.4 2309.045
1.88 6281.3163 -3298.9587 1056739.4 2298.8291
1.9 5994.0503 -3286.7258 1033405 2304.8155
1.92 6057.631 -3319.9005 983984.88 2325.43
1.94 5722.8621 -3335.8397 943018.39 2328.5875
1.96 6391.9868 -3323.752 916623.42 2345.2976
1.98 6151.9053 -3297.1996 1014577.9 2306.7406
2 6604.1889 -3308.1241 986500.27 2334.3839
2.02 6524.6075 -3293.2614 985618.46 2337.0047
2.04 6296.165 -3296.9396 990141.68 2324.5926
2.06 6089.0806 -3304.1852 905760.61 2347.1506
2.08 6500.7051 -3297.9657 998694.7 2318.1301
2.1 6426.539 -3312.4598 1001896.3 2338.6972
2.12 6356.7159 -3290.816 1008856.7 2330.9161
2.14 5779.4936 -3273.2676 961183.08 2348.4875
2.16 6628.0885 -3300.193 988403.09 2330.0682
2.18 6278.0532 -3248.2415 1143697.7 2276.4893
2.2 5906.7711 -3258.7031 1043808.2 2316.6745
2.22 6283.3425 -3278.7758 1005439.8 2322.384
2.24 6196.4316 -3279.864 963164.11 2341.3025
2.26 5976.1602 -3293.8201 886885.91 2372.144
2.28 6189.7193 -3294.5252 1016697.2 2327.9599
2.3 6190.224 -3307.1254 1008931.1 2338.0732
2.32 6346.913 -3322.2062 1006965.8 2310.9249
2.34 5697.6867 -3309.0487 981573 2323.8208
2.36 6399.8976 -3309.2185 1043800.8 2301.965
2.38 6267.3519 -3272.1115 1080628.8 2297.3398
2.4 6457.2456 -3266.6581 1050949.2 2314.7969
2.42 6400.156 -3283.1773 950858.19 2333.9069
2.44 6185.0364 -3324.8809 909100.56 2344.7172
2.46 6620.8768 -3314.7376 930904.81 2336.9646
2.48 5823.6247 -3283.5504 1006602.3 2310.3508
2.5 6048.0311 -3292.8568 977883.16 2316.2326
2.52 5961.3451 -3308.4052 948398.71 2334.115
2.54 6236.0326 -3307.7378 965832.39 2315.3037
2.56 5994.5369 -3309.1702 1003911.2 2328.2409
2.58 6408.7996 -3285.9877 1024573.7 2319.8506
2.6 5688.1138 -3277.4982 1011176.6 2322.2433
2.62 5994.2063 -3305.9239 979341.57 2330.3307
2.64 6172.3881 -3295.6082 961259.65 2339.924
2.66 6184.3868 -3271.9091 949729.91 2349.3336
2.68 6331.9146 -3284.7566 893731.4 2364.9962
2.7 6102.6455 -3265.4291 1006133 2328.911
2.72 6062.8841 -3297.0166 1039462.9 2314.9819
2.74 6061.5582 -3263.7435 1054388.1 2308.5319
2.76 5980.114 -3275.5819 968117.84 2361.8744
2.78 6224.429 -3275.0235 974148.77 2332.501
2.8 6188.4263 -3280.8334 987319.84 2352.7681
2.82 6336.6166 -3266.0592 984286.67 2344.6235
2.84 6452.2848 -3288.7433 985013.6 2326.9117
2.86 6596.6198 -3272.5768 980236.78 2331.2838
2.88 6303.7731 -3268.3025 1027244.5 2314.961
2.9 6524.8792 -3257.1229 1091788.8 2297.659
2.92 6553.4419 -3289.5107 1050178.3 2325.368
2.94 6310.2531 -3278.0253 991769.7 2335.3352
2.96 5924.1052 -3257.275 1000106.5 2340.2893
2.98 6562.722 -3270.5412 978874.62 2343.7313
3 6088.1346 -3264.1618 920918.11 2367.0012
3.02 6021.7653 -3309.3462 968912.76 2356.6546
3.04 6185.5798 -3257.152 1021170.7 2325.6928
3.06 6459.4128 -3264.4493 1036658.6 2322.34
3.08 6303.2232 -3268.6237 1052755.1 2333.7865
3.1 6165.4895 -3276.2212 1008473.2 2343.4554
3.12 6216.1745 -3250.2477 927091.91 2372.3538
3.14 6086.65 -3243.4411 980214.45 2358.8766
3.16 6254.1385 -3238.3633 1009954.8 2337.5655
3.18 6424.7785 -3256.3453 1017335.8 2341.3227
3.2 6257.9255 -3231.0112 1010416.9 2333.8552
3.22 6238.397 -3249.2301 1010675.7 2340.2541
3.24 6466.2416 -3255.6933 942812.64 2365.2172
3.26 6152.5667 -3221.0926 1023433.3 2340.8287
3.28 6923.2023 -3265.6329 1067636 2333.8768
3.3 6302.2896 -3221.0033 1121225 2307.1895
3.32 6626.3735 -3262.6782 1047583.4 2324.6664
3.34 6323.2024 -3269.012 1005185.1 2331.095
3.36 6034.5871 -3271.3859 962636.31 2346.821
3.38 6601.8937 -3269.9358 998559.18 2344.0864
3.4 6420.1539 -3227.7362 1119266.4 2284.3441
3.42 6602.2128 -3248.9056 1082749.6 2324.3889
3.44 6442.8453 -3266.7295 1006087.8 2347.2679
3.46 6217.0437 -3283.3361 937838.49 2367.0819
3.48 6314.7963 -3264.7249 971313.14 2336.6203
3.5 6325.4997 -3262.4039 989627.62 2340.7374
3.52 6232.6717 -3261.7875 1016330.1 2342.1496
3.54 6541.48 -3259.4757 1087281.8 2319.9111
3.56 6401.4299 -3270.5305 1101384.2 2310.0567
3.58 5945.7554 -3237.094 1026703.8 2338.0903
3.6 6397.9788 -3253.8535 1019370.1 2342.1159
3.62 6402.321 -3272.8868 1010211.8 2358.9576
3.64 6176.5462 -3242.0678 1059243.5 2322.0977
3.66 6337.0257 -3250.8362 1010489.3 2325.1076
3.68 6532.5951 -3254.3683 971063.78 2364.2195
3.7 6496.7128 -3260.544 999148.3 2340.7943
3.72 5974.1531 -3257.2176 944697.26 2347.5694
3.74 6269.5855 -3251.8103 992149.6 2338.0391
3.76 6010.9981 -3254.7545 1015930 2324.7494
3.78 6189.3949 -3268.4567 1085669.7 2299.5481
3.8 6282.1201 -3262.7219 994084.6 2333.9083
3.82 6211.1923 -3247.8684 966819.88 2340.3317
3.84 6188.547 -3246.4148 1007449.8 2336.8592
3.86 6173.6955 -3246.6887 983888.6 2346.9727
3.88 6676.7566 -3251.7436 980344.67 2352.5202
3.9 6645.5053 -3276.1477 968917.33 2357.0003
3.92 6248.6485 -3240.2436 971864.27 2344.1701
3.94 6304.4162 -3253.7268 945207.54 2364.3031
3.96 6467.7837 -3268.9481 931480.35 2395.9144
3.98 6831.367 -3258.5553 1028635.6 2338.0783
4 6498.3788 -3216.5539 1026802.1 2339.911