0 6500 -2779.1281 2662530.2 1861.6641
0.02 6122.3633 -3216.5765 982626.55 2318.0896
0.04 6486.7349 -3257.945 994084.92 2329.6695
0.06 6337.0294 -3267.2711 991241.72 2308.4173
0.08 6241.1825 -3250.9698 1016733 2319.9584
0.1 6629.3157 -3270.6246 1004706.7 2340.2508
0.12 6583.2371 -3306.0029 942591.81 2359.7141
0.14 6552.813 -3255.4299 995325.75 2316.9252
0.16 6751.3603 -3276.3355 1063329.2 2290.7921
0.18 6360.0069 -3251.3649 1045930.5 2314.2235
0.2 6439.3046 -3279.7876 978159.36 2321.4353
0.22 6705.6525 -3321.9521 941012.92 2334.1188
0.24 6635.0645 -3305.0195 938844.08 2333.3159
0.26 6477.6939 -3299.5459 1027523 2320.8305
0.28 6342.2126 -3286.4832 1076701.9 2301.2642
0.3 6627.5366 -3301.727 1033538.8 2321.8445
0.32 6216.9664 -3269.0929 943379.89 2343.3039
0.34 6570.4218 -3306.8888 909788.15 2333.0335
0.36 6344.6991 -3258.6576 980596.67 2323.5158
0.38 6440.107 -3274.6034 1026487.8 2318.118
0.4 6630.3475 -3272.1828 1066007.8 2302.7629
0.42 6495.1664 -3291.242 1015839.3 2317.2307
0.44 6158.3825 -3299.7235 923598.08 2355.5827
0.46 6577.8168 -3293.3924 985539.2 2318.6347
0.48 6552.8771 -3296.839 984249.68 2324.2656
0.5 6798.2832 -3270.2172 994209.14 2328.6675
0.52 6604.8245 -3287.2441 989050.64 2328.2124
0.54 6456.2726 -3311.9405 908367.92 2365.8185
0.56 6247.9071 -3302.6888 917994.81 2351.385
0.58 6237.3778 -3272.1683 1044106.1 2298.5091
0.6 6389.7667 -3270.0339 1010877.3 2328.8827
0.62 6401.6006 -3270.4336 1004701.1 2335.905
0.64 6032.3304 -3239.4167 1028133.6 2310.3967
0.66 6339.9109 -3237.2086 1032089.4 2331.7231
0.68 6172.3882 -3226.0087 1038150.5 2319.3014
0.7 6325.1022 -3250.1667 914898.94 2359.8567
0.72 6515.596 -3270.4603 982833.96 2334.3009
0.74 6796.2388 -3273.876 1030876.2 2324.8385
0.76 6220.7826 -3254.1564 992173.48 2346.4628
0.78 6323.5087 -3246.9928 997011.42 2338.59
0.8 6848.1316 -3266.6243 1004551.5 2342.9602
0.82 6705.1594 -3280.9527 1006378.5 2337.5588
0.84 6420.3901 -3254.113 978452.68 2364.5224
0.86 6374.2361 -3229.1756 1033005.5 2339.5753
0.88 6805.7213 -3235.7337 1057175.4 2345.0476
0.9 6391.8895 -3245.4854 1014146.4 2343.3824
0.92 6580.4818 -3249.8718 936886.25 2368.2503
0.94 6547.9355 -3275.097 974527.71 2349.4894
0.96 6258.6568 -3236.314 1027026.6 2327.8159
0.98 6672.1929 -3236.7307 1093685.5 2320.2498
1 6644.7164 -3216.3559 1003143.7 2346.4045
1.02 6400.8299 -3225.5806 978784.82 2358.1931
1.04 6493.3024 -3240.4561 1034782.2 2332.1333
1.06 6873.4769 -3270.2152 982310.77 2359.8756
1.08 5860.9103 -3282.2361 909649.15 2384.5614
1.1 6315.2815 -3251.9775 978444.04 2355.3486
1.12 6301.3492 -3215.1267 1052143.6 2332.8272
1.14 6422.1678 -3224.6742 991783.89 2366.7207
1.16 6309.4197 -3210.977 969826.32 2372.4304
1.18 6466.0711 -3227.114 999667.78 2346.1597
1.2 6895.7087 -3223.9565 1061879.2 2331.743
1.22 6603.649 -3201.5439 974920.93 2382.525
1.24 6559.9668 -3226.7414 905465.56 2406.6104
1.26 6618.2811 -3225.8211 1013265.6 2371.6413
1.28 6107.5246 -3219.8397 1092295.1 2323.5842
1.3 6004.9744 -3195.8607 1076730.7 2315.026
1.32 6348.9215 -3230.7232 937201.58 2384.5963
1.34 6541.803 -3213.8237 964522.55 2377.9679
1.36 7024.0548 -3214.613 1014924.6 2360.8659
1.38 6850.9684 -3233.082 972267.66 2392.2798
1.4 6371.5348 -3200.8348 1002939.8 2379.9921
1.42 6918.0247 -3188.4983 1025468 2369.5163
1.44 6368.2597 -3201.4986 927839.75 2399.036
1.46 6673.3241 -3207.5347 951854.75 2381.8229
1.48 6703.714 -3185.2684 1031974.8 2375.2083
1.5 6902.3955 -3194.485 1028818.6 2370.1413
1.52 6467.3356 -3182.9746 1037624.7 2363.1283
1.54 6597.9816 -3189.0617 1012738.2 2374.6976
1.56 6574.8694 -3206.5453 1011723.6 2368.5103
1.58 6268.5726 -3203.5722 986547.04 2369.2747
1.6 6436.3862 -3238.3401 912378.66 2392.0785
1.62 6099.0656 -3238.9834 971555.41 2372.2031
1.64 5961.4979 -3175.7326 1078697.3 2339.7257
1.66 6114.3994 -3182.7476 1040499.7 2368.2916
1.68 6415.5275 -3197.7127 1032426.5 2371.5209
1.7 6888.7485 -3213.6207 1037145.4 2357.1932
1.72 5905.9387 -3187.1668 950184.41 2366.3531
1.74 6165.753 -3181.9558 1027627.9 2345.7207
1.76 6649.3346 -3221.2554 1070570.5 2347.2841
1.78 6195.7963 -3272.2889 936526.56 2397.0658
1.8 6184.9088 -3255.6469 929303.1 2379.0666
1.82 6367.1197 -3258.9154 974233.15 2344.0537
1.84 6292.0364 -3254.3513 1017860.5 2346.8156
1.86 6163.0238 -3226.7369 1014513.7 2328.0896
1.88 6479.5478 -3258.3774 941043.89 2380.9498
1.9 6455.1304 -3225.4562 936654.03 2376.2424
1.92 6159.8788 -3205.3475 1038389 2338.5707
1.94 6492.6491 -3189.2501 1042993.8 2339.3789
1.96 6705.5549 -3217.6108 941296.81 2391.1281
1.98 5989.3047 -3200.5925 991981.74 2387.8942
2 6864.0787 -3180.2545 1039455.3 2373.9077
2.02 6304.627 -3166.0742 1047008.2 2379.029
2.04 6170.2254 -3173.3651 987813.6 2384.9831
2.06 6690.34 -3221.3986 947004.46 2389.5113
2.08 6176.2119 -3192.229 938063.12 2414.8708
2.1 6648.6825 -3184.7143 1024004.3 2375.4801
2.12 6271.9453 -3172.3404 1001261.1 2384.5412
2.14 6243.1359 -3159.202 1026819.6 2359.4149
2.16 6958.6179 -3156.3643 1062908.9 2372.2392
2.18 6185.8752 -3161.6866 1008492.5 2373.3341
2.2 6885.698 -3187.486 973779.58 2396.5556
2.22 6589.4808 -3172.3341 957801.1 2406.27
2.24 6779.5025 -3163.0844 1012308.4 2406.0204
2.26 6299.4389 -3132.9935 1027939.1 2380.5249
2.28 5878.6994 -3123.1665 1027278.1 2367.5361
2.3 6495.7076 -3148.0931 991392.03 2378.6085
2.32 6646.1937 -3179.2138 878793.54 2434.6104
2.34 6304.6901 -3161.1879 888974.31 2442.4567
2.36 7119.3831 -3158.6221 1028814.4 2389.9761
2.38 7189.7406 -3119.8921 1054042.8 2395.8841
2.4 6186.033 -3117.0516 1003087.9 2402.6592
2.42 6433.8801 -3146.3792 956546.26 2435.6966
2.44 6650.0556 -3148.8226 896183.43 2448.6376
2.46 6162.6148 -3141.7992 904110.71 2427.8189
2.48 6438.2139 -3128.0855 1006166 2409.454
2.5 6326.4126 -3135.1528 1022178 2406.4531
2.52 6138.3522 -3132.872 939925.28 2444.1701
2.54 6108.5178 -3129.7372 1055070 2391.1437
2.56 6485.3752 -3143.6794 1067629.5 2376.4952
2.58 6503.6353 -3151.385 968622.09 2423.4731
2.6 6815.6779 -3160.9405 969153.46 2425.735
2.62 6165.0122 -3151.7719 1015146.9 2436.8719
2.64 6228.4677 -3135.9156 1100497 2401.3252
2.66 5554.3617 -3119.3797 1075893.1 2389.5172
2.68 6164.792 -3126.7534 989923.38 2418.3366
2.7 6253.018 -3162.8106 915947.11 2473.778
2.72 6010.679 -3128.646 1007345.3 2427.5381
2.74 6466.0871 -3134.6003 1027562 2407.2088
2.76 6483.202 -3131.013 1013531.5 2420.0512
2.78 6445.431 -3144.5043 991191.03 2448.0137
2.8 6402.9661 -3127.2626 1023130.6 2429.3674
2.82 6473.5612 -3127.191 982435.55 2428.9014
2.84 6686.019 -3134.3814 971712.04 2445.7099
2.86 6744.0837 -3099.2224 1043221.8 2395.2619
2.88 6827.8873 -3114.2384 1073302.2 2412.5583
2.9 6859.8033 -3097.8672 1012437 2418.3415
2.92 6486.3542 -3131.2263 944174.96 2444.6836
2.94 6424.9222 -3111.4053 1002375.3 2428.4317
2.96 6490.5912 -3115.5186 979150.63 2427.5357
2.98 6906.6301 -3118.646 989418.78 2440.9583
3 6638.0754 -3089.6189 1089277.9 2399.5266
3.02 6280.904 -3093.0333 980136.05 2429.4468
3.04 6335.7872 -3099.8669 991436.97 2451.0541
3.06 6793.4554 -3131.4549 955030.04 2442.4265
3.08 6273.0468 -3115.7139 1016757.4 2425.3213
3.1 6521.9587 -3117.1558 1080996.8 2404.8576
3.12 6991.6685 -3104.9567 944466.39 2459.1675
3.14 6794.0992 -3125.393 941749.67 2474.0351
3.16 6372.919 -3099.7606 986160.44 2430.7624
3.18 6327.369 -3104.3676 1055818.3 2430.8514
3.2 6135.1643 -3052.1601 1098546.6 2389.4642
3.22 6656.2308 -3132.1104 930675.07 2468.2
3.24 6882.4574 -3126.7262 997406.34 2455.4221
3.26 6578.7335 -3083.6614 989814.95 2432.6996
3.28 6178.2195 -3092.0579 1011141.8 2431.38
3.3 6178.8597 -3065.4217 1128034.8 2405.9502
3.32 6545.822 -3091.2158 1048012.2 2422.4321
3.34 6684.9348 -3138.2317 978179.13 2455.887
3.36 6482.6893 -3114.5148 980233.16 2452.8505
3.38 6464.1718 -3121.0421 953113.62 2443.6282
3.4 6288.1913 -3102.1001 973456.01 2463.2111
3.42 6426.5359 -3113.5682 1032659 2418.9999
3.44 6203.7231 -3149.1749 975694.37 2463.3981
3.46 6241.3796 -3109.3782 1010777.5 2421.0676
3.48 6237.6881 -3083.1281 1062534 2412.4582
3.5 6380.3358 -3150.969 971740.34 2488.5893
3.52 6762.6857 -3138.4102 965243.39 2473.6211
3.54 6374.3978 -3121.714 1028704.5 2430.3424
3.56 6614.497 -3136.9261 973329.61 2485.1313
3.58 6818.9032 -3136.1387 976487.95 2465.9219
3.6 6287.3865 -3125.9717 992986.31 2456.9171
3.62 6821.4242 -3090.8675 1128418.5 2398.2308
3.64 6392.5482 -3101.3148 1028464.1 2430.4476
3.66 6459.4364 -3087.5471 969071.71 2466.8225
3.68 6094.0843 -3081.7576 1006590 2458.5061
3.7 6952.8388 -3085.1947 1014447.8 2443.6597
3.72 6943.624 -3110.9514 977400.63 2461.3196
3.74 6380.4829 -3124.9264 907348.15 2487.0144
3.76 6153.3174 -3098.647 1019825.3 2432.3002
3.78 6289.5932 -3125.4154 1038938.4 2405.6135
3.8 6587.6264 -3134.7058 954049.06 2450.9297
3.82 6216.8127 -3123.5665 916042.21 2492.5999
3.84 6707.9232 -3113.2611 1025279.6 2429.4992
3.86 6390.6637 -3124.4732 999910.71 2443.463
3.88 6630.9074 -3105.4512 981755.88 2456.9197
3.9 6453.0332 -3107.5928 1007186 2440.6862
3.92 6284.3257 -3081.6965 1027249 2425.6756
3.94 6597.9822 -3099.7426 953753.8 2469.5205
3.96 6717.4119 -3121.9115 913395.31 2510.2519
3.98 6939.0508 -3109.6 1026072.1 2455.4809
4 6892.2803 -3094.837 998186.09 2463.0444