15.625 2.6440281e+08
16.581375 2.4360788e+08
17.576 2.2834895e+08
18.609625 2.2581044e+08
19.683 2.4564457e+08
20.796875 2.8804667e+08
21.952 64809423
23.149125 13830453
24.389 11358325
25.672375 9289530.9
27 7558679.7
28.372625 6111200.9
29.791 4901496.4
31.255875 3891420.5
32.768 3049026.6
34.328125 2347532.5
35.937 1764463.8
37.595375 1280944.4
39.304 881107.6
41.063625 551606.3
42.875 281205.56
44.738875 60442.74
46.656 -118656.09
48.627125 -262813.24
50.653 -377697.81
52.734375 -468091.87
54.872 -538029.91