0.045 0
0.135 0
0.225 0
0.315 0
0.405 0
0.495 0
0.585 0
0.675 0
0.765 0
0.855 0
0.945 0
1.035 0.0024164
1.125 0.0537133
1.215 0.392669
1.305 1.15692
1.395 4.23893
1.485 3.33479
1.575 1.1366
1.665 0.528808
1.755 0.356686
1.845 0.340377
1.935 0.405747
2.025 0.533589
2.115 0.681684
2.205 0.896714
2.295 1.36377
2.385 1.84411
2.475 2.07436
2.565 1.67173
2.655 1.22621
2.745 1.03387
2.835 0.980702
2.925 0.900814
3.015 0.844889
3.105 0.854961
3.195 0.88858
3.285 0.918654
3.375 0.950339
3.465 0.997964
3.555 1.11047
3.645 1.27934
3.735 1.361
3.825 1.26694
3.915 1.10963
4.005 1.03188
4.095 1.04414
4.185 1.10208
4.275 1.14045
4.365 1.14063
4.455 1.14115
4.545 1.16674
4.635 1.19265
4.725 1.20202
4.815 1.20485
4.905 1.20661
4.995 1.19377
5.085 1.16162
5.175 1.12521
5.265 1.09499
5.355 1.08624
5.445 1.08694
5.535 1.09851
5.625 1.10713
5.715 1.11484
5.805 1.11889
5.895 1.12914
5.985 1.14011
6.075 1.13998
6.165 1.13251
6.255 1.12465
6.345 1.11735
6.435 1.11887
6.525 1.11878
6.615 1.11792
6.705 1.11498
6.795 1.1145
6.885 1.11551
6.975 1.12049
7.065 1.12321
7.155 1.12584
7.245 1.12271
7.335 1.12205
7.425 1.1196
7.515 1.11379
7.605 1.11181
7.695 1.11157
7.785 1.1127
7.875 1.11737
7.965 1.11706
8.055 1.11949
8.145 1.1223
8.235 1.12341
8.325 1.12471
8.415 1.12547
8.505 1.12575
8.595 1.12442
8.685 1.12308
8.775 1.12338
8.865 1.12256
8.955 1.11872